global_step,episode,return,SNR,EmaSNR,AdamPlusSNR,m,v,g,pwr_noise,runtime,lr
371,0,175.0,,,,,,,,0.6287310123443604,0.0001
605,1,25.0,,,,,,,,0.9573063850402832,0.0001
981,2,225.0,,,,,,,,1.4760715961456299,0.0001
1280,3,75.0,,,,,,,,1.9026119709014893,0.0001
1569,4,100.0,,,,,,,,2.4928383827209473,0.0001
1911,5,200.0,,,,,,,,2.946387767791748,0.0001
2267,6,175.0,,,,,,,,3.4256248474121094,0.0001
2573,7,75.0,,,,,,,,3.8295867443084717,0.0001
2853,8,125.0,,,,,,,,4.20425009727478,0.0001
3141,9,25.0,,,,,,,,4.58682918548584,0.0001
3469,10,75.0,,,,,,,,5.01881217956543,0.0001
3752,11,50.0,,,,,,,,5.396161079406738,0.0001
4049,12,50.0,,,,,,,,5.787765026092529,0.0001
4330,13,0.0,,,,,,,,6.177193880081177,0.0001
4626,14,75.0,,,,,,,,6.58276629447937,0.0001
4936,15,75.0,,,,,,,,6.998973369598389,0.0001
5227,16,50.0,,,,,,,,7.436967372894287,0.0001
5477,17,50.0,,,,,,,,7.78486967086792,0.0001
5839,18,425.0,,,,,,,,8.328285217285156,0.0001
6205,19,275.0,,,,,,,,8.824731826782227,0.0001
6500,20,100.0,,,,,,,,9.216814041137695,0.0001
6855,21,525.0,,,,,,,,9.679793357849121,0.0001
7199,22,100.0,,,,,,,,10.129859209060669,0.0001
7524,23,75.0,,,,,,,,10.56738543510437,0.0001
7852,24,100.0,,,,,,,,11.002320766448975,0.0001
8188,25,425.0,,,,,,,,11.462584495544434,0.0001
8481,26,175.0,,,,,,,,11.848817825317383,0.0001
8790,27,150.0,,,,,,,,12.311376333236694,0.0001
9027,28,50.0,,,,,,,,12.624965906143188,0.0001
9387,29,225.0,,,,,,,,13.098511695861816,0.0001
9680,30,50.0,,,,,,,,13.489685535430908,0.0001
9976,31,50.0,,,,,,,,13.87831711769104,0.0001
10298,32,100.0,,,,,,,,14.301119089126587,0.0001
10607,33,100.0,,,,,,,,14.705307245254517,0.0001
10900,34,25.0,,,,,,,,15.08742356300354,0.0001
11136,35,50.0,,,,,,,,15.422245264053345,0.0001
11510,36,200.0,,,,,,,,15.91418194770813,0.0001
11978,37,400.0,,,,,,,,16.53075385093689,0.0001
12263,38,50.0,,,,,,,,16.91203474998474,0.0001
12593,39,200.0,,,,,,,,17.348155736923218,0.0001
12956,40,275.0,,,,,,,,17.824369192123413,0.0001
13227,41,0.0,,,,,,,,18.187645435333252,0.0001
13533,42,75.0,,,,,,,,18.59432029724121,0.0001
13902,43,175.0,,,,,,,,19.086907863616943,0.0001
14220,44,100.0,,,,,,,,19.526740789413452,0.0001
14507,45,50.0,,,,,,,,19.915608167648315,0.0001
14829,46,100.0,,,,,,,,20.33094549179077,0.0001
15096,47,75.0,,,,,,,,20.68558955192566,0.0001
15380,48,175.0,,,,,,,,21.06772255897522,0.0001
15754,49,175.0,,,,,,,,21.55901598930359,0.0001
16152,50,300.0,,,,,,,,22.09761905670166,0.0001
16442,51,225.0,,,,,,,,22.483405828475952,0.0001
16752,52,175.0,,,,,,,,22.89898705482483,0.0001
17034,53,25.0,,,,,,,,23.27365231513977,0.0001
17422,54,525.0,,,,,,,,23.817079544067383,0.0001
17860,55,250.0,,,,,,,,24.47197699546814,0.0001
18219,56,225.0,,,,,,,,24.962860584259033,0.0001
18497,57,100.0,,,,,,,,25.336383819580078,0.0001
18838,58,200.0,,,,,,,,25.794775247573853,0.0001
19197,59,250.0,,,,,,,,26.277427673339844,0.0001
19479,60,0.0,,,,,,,,26.653842210769653,0.0001
19774,61,50.0,,,,,,,,27.045782327651978,0.0001
20080,62,200.0,,,,,,,,27.45816683769226,0.0001
20485,63,175.0,,,,,,,,28.050236463546753,0.0001
20862,64,125.0,,,,,,,,28.557859897613525,0.0001
21160,65,100.0,,,,,,,,28.95371437072754,0.0001
21449,66,100.0,,,,,,,,29.345385313034058,0.0001
21841,67,225.0,,,,,,,,29.899089336395264,0.0001
22156,68,225.0,,,,,,,,30.350684881210327,0.0001
22635,69,575.0,,,,,,,,30.985642433166504,0.0001
22910,70,0.0,,,,,,,,31.37220335006714,0.0001
23242,71,250.0,,,,,,,,31.832720279693604,0.0001
23525,72,50.0,,,,,,,,32.29284167289734,0.0001
24000,73,350.0,,,,,,,,33.010770320892334,0.0001
24294,74,50.0,,,,,,,,33.44717812538147,0.0001
24568,75,0.0,,,,,,,,33.85038900375366,0.0001
25015,76,575.0,,,,,,,,34.526174783706665,0.0001
25425,77,200.0,,,,,,,,35.1170175075531,0.0001
25822,78,250.0,,,,,,,,35.71786856651306,0.0001
26108,79,25.0,,,,,,,,36.18189191818237,0.0001
26402,80,50.0,,,,,,,,36.590253829956055,0.0001
26743,81,125.0,,,,,,,,37.07941389083862,0.0001
27224,82,525.0,,,,,,,,37.77985620498657,0.0001
27692,83,300.0,,,,,,,,38.46235966682434,0.0001
28062,84,500.0,,,,,,,,38.961350202560425,0.0001
28427,85,250.0,,,,,,,,39.45052671432495,0.0001
28711,86,50.0,,,,,,,,39.828712463378906,0.0001
29208,87,325.0,,,,,,,,40.51501226425171,0.0001
29476,88,150.0,,,,,,,,40.983357429504395,0.0001
29907,89,250.0,,,,,,,,41.809415102005005,0.0001
30334,90,225.0,,,,,,,,42.51190209388733,0.0001
30656,91,125.0,,,,,,,,42.988524436950684,0.0001
30951,92,50.0,,,,,,,,43.45023560523987,0.0001
31229,93,100.0,,,,,,,,43.856929779052734,0.0001
31517,94,125.0,,,,,,,,44.30373549461365,0.0001
31831,95,175.0,,,,,,,,44.823310136795044,0.0001
32113,96,25.0,,,,,,,,45.206787109375,0.0001
32422,97,75.0,,,,,,,,45.61906886100769,0.0001
32734,98,175.0,,,,,,,,46.04280662536621,0.0001
33025,99,175.0,,,,,,,,46.43879675865173,0.0001
33313,100,25.0,,,,,,,,46.82266283035278,0.0001
33748,101,275.0,,,,,,,,47.40415549278259,0.0001
34102,102,200.0,,,,,,,,47.87233376502991,0.0001
34460,103,200.0,,,,,,,,48.35752058029175,0.0001
34841,104,225.0,,,,,,,,48.93138074874878,0.0001
35235,105,650.0,,,,,,,,49.469584465026855,0.0001
35562,106,200.0,,,,,,,,49.94059729576111,0.0001
35943,107,200.0,,,,,,,,50.50750923156738,0.0001
36190,108,75.0,,,,,,,,50.85324811935425,0.0001
36474,109,175.0,,,,,,,,51.279104709625244,0.0001
36757,110,0.0,,,,,,,,51.66359734535217,0.0001
37138,111,300.0,,,,,,,,52.1756591796875,0.0001
37378,112,50.0,,,,,,,,52.507885694503784,0.0001
37688,113,75.0,,,,,,,,52.9251229763031,0.0001
38043,114,275.0,,,,,,,,53.422221422195435,0.0001
38400,115,300.0,,,,,,,,53.89785432815552,0.0001
38691,116,25.0,,,,,,,,54.29092359542847,0.0001
38998,117,75.0,,,,,,,,54.70470452308655,0.0001
39370,118,250.0,,,,,,,,55.249516248703,0.0001
39652,119,25.0,,,,,,,,55.6855309009552,0.0001
40085,120,325.0,,,,,,,,56.332473039627075,0.0001
40367,121,125.0,,,,,,,,56.71508526802063,0.0001
40603,122,50.0,,,,,,,,57.04133701324463,0.0001
40880,123,75.0,,,,,,,,57.42083764076233,0.0001
41177,124,225.0,,,,,,,,57.82410717010498,0.0001
41507,125,125.0,,,,,,,,58.305962800979614,0.0001
41825,126,275.0,,,,,,,,58.7346453666687,0.0001
42257,127,225.0,,,,,,,,59.32758188247681,0.0001
42601,128,250.0,,,,,,,,59.78554391860962,0.0001
42873,129,0.0,,,,,,,,60.182624101638794,0.0001
43217,130,125.0,,,,,,,,60.643794775009155,0.0001
43501,131,50.0,,,,,,,,61.02982425689697,0.0001
43874,132,175.0,,,,,,,,61.537147760391235,0.0001
44204,133,150.0,,,,,,,,61.98254632949829,0.0001
44497,134,125.0,,,,,,,,62.38310241699219,0.0001
44795,135,50.0,,,,,,,,62.779274702072144,0.0001
45078,136,75.0,,,,,,,,63.159226179122925,0.0001
45443,137,225.0,,,,,,,,63.64810538291931,0.0001
45754,138,125.0,,,,,,,,64.09267807006836,0.0001
46057,139,75.0,,,,,,,,64.50243091583252,0.0001
46333,140,0.0,,,,,,,,64.8830897808075,0.0001
46655,141,125.0,,,,,,,,65.31666946411133,0.0001
46976,142,175.0,,,,,,,,65.75291681289673,0.0001
47370,143,250.0,,,,,,,,66.29681849479675,0.0001
47678,144,75.0,,,,,,,,66.71400594711304,0.0001
48228,145,900.0,,,,,,,,67.44591236114502,0.0001
48540,146,150.0,,,,,,,,67.85945320129395,0.0001
48899,147,100.0,,,,,,,,68.34110593795776,0.0001
49253,148,100.0,,,,,,,,68.80992865562439,0.0001
49540,149,50.0,,,,,,,,69.20340085029602,0.0001
49820,150,25.0,,,,,,,,69.58421802520752,0.0001
50069,151,50.0,,,,,,,,69.91943025588989,0.0001
50435,152,200.0,,,,,,,,70.41150188446045,0.0001
50756,153,100.0,,,,,,,,70.85204291343689,0.0001
51139,154,200.0,,,,,,,,71.37342429161072,0.0001
51441,155,125.0,,,,,,,,71.78458213806152,0.0001
51771,156,100.0,,,,,,,,72.2338228225708,0.0001
52058,157,25.0,,,,,,,,72.62148571014404,0.0001
52343,158,50.0,,,,,,,,73.01344990730286,0.0001
52764,159,700.0,,,,,,,,73.57434964179993,0.0001
53167,160,350.0,,,,,,,,74.11403965950012,0.0001
53526,161,150.0,,,,,,,,74.59680032730103,0.0001
53834,162,175.0,,,,,,,,75.02345943450928,0.0001
54302,163,375.0,,,,,,,,75.65965604782104,0.0001
54657,164,200.0,,,,,,,,76.14784908294678,0.0001
54956,165,50.0,,,,,,,,76.54882669448853,0.0001
55255,166,50.0,,,,,,,,76.97537899017334,0.0001
55556,167,75.0,,,,,,,,77.38616490364075,0.0001
55843,168,50.0,,,,,,,,77.79176664352417,0.0001
56146,169,100.0,,,,,,,,78.23511481285095,0.0001
56540,170,575.0,,,,,,,,78.76229047775269,0.0001
56855,171,75.0,,,,,,,,79.186190366745,0.0001
57154,172,125.0,,,,,,,,79.61654710769653,0.0001
57443,173,200.0,,,,,,,,80.02143239974976,0.0001
57727,174,100.0,,,,,,,,80.41392993927002,0.0001
58100,175,200.0,,,,,,,,80.92919683456421,0.0001
58375,176,0.0,,,,,,,,81.317866563797,0.0001
58653,177,0.0,,,,,,,,81.70262694358826,0.0001
58950,178,200.0,,,,,,,,82.11219239234924,0.0001
59242,179,75.0,,,,,,,,82.52182674407959,0.0001
59551,180,75.0,,,,,,,,82.94408774375916,0.0001
59828,181,25.0,,,,,,,,83.3266282081604,0.0001
60307,182,750.0,,,,,,,,83.99126172065735,0.0001
60596,183,25.0,,,,,,,,84.40071415901184,0.0001
60887,184,50.0,,,,,,,,84.79672622680664,0.0001
61428,185,675.0,,,,,,,,85.54020428657532,0.0001
61726,186,75.0,,,,,,,,85.95649480819702,0.0001
61996,187,0.0,,,,,,,,86.33599972724915,0.0001
62257,188,100.0,,,,,,,,86.69031071662903,0.0001
62622,189,450.0,,,,,,,,87.195485830307,0.0001
62887,190,75.0,,,,,,,,87.56655526161194,0.0001
63256,191,225.0,,,,,,,,88.0692150592804,0.0001
63514,192,75.0,,,,,,,,88.42619442939758,0.0001
63901,193,225.0,,,,,,,,88.9550621509552,0.0001
64183,194,0.0,,,,,,,,89.34551644325256,0.0001
64492,195,75.0,,,,,,,,89.77157330513,0.0001
64802,196,150.0,,,,,,,,90.19300270080566,0.0001
65208,197,275.0,,,,,,,,90.75851655006409,0.0001
65715,198,400.0,,,,,,,,91.48523044586182,0.0001
66062,199,200.0,,,,,,,,91.97064161300659,0.0001
66355,200,150.0,,,,,,,,92.37744998931885,0.0001
66679,201,75.0,,,,,,,,92.82803153991699,0.0001
67048,202,150.0,,,,,,,,93.33961510658264,0.0001
67407,203,125.0,,,,,,,,93.83484196662903,0.0001
67646,204,50.0,,,,,,,,94.18103313446045,0.0001
67897,205,125.0,,,,,,,,94.5418107509613,0.0001
68251,206,175.0,,,,,,,,95.02197313308716,0.0001
68586,207,175.0,,,,,,,,95.54634952545166,0.0001
68986,208,150.0,,,,,,,,96.10586476325989,0.0001
69307,209,200.0,,,,,,,,96.56351208686829,0.0001
69589,210,50.0,,,,,,,,96.9551272392273,0.0001
69900,211,75.0,,,,,,,,97.38206839561462,0.0001
70152,212,100.0,,,,,,,,97.74450778961182,0.0001
70510,213,175.0,,,,,,,,98.24920344352722,0.0001
70784,214,75.0,,,,,,,,98.62822413444519,0.0001
71052,215,75.0,,,,,,,,99.0084011554718,0.0001
71411,216,275.0,,,,,,,,99.51785254478455,0.0001
71774,217,200.0,,,,,,,,100.03281426429749,0.0001
72122,218,250.0,,,,,,,,100.52312660217285,0.0001
72448,219,150.0,,,,,,,,100.98082613945007,0.0001
72900,220,250.0,,,,,,,,101.60706448554993,0.0001
73178,221,150.0,,,,,,,,102.00936937332153,0.0001
73625,222,575.0,,,,,,,,102.62461376190186,0.0001
73912,223,25.0,,,,,,,,103.03318619728088,0.0001
74260,224,150.0,,,,,,,,103.51076197624207,0.0001
74548,225,150.0,,,,,,,,103.91615891456604,0.0001
74781,226,25.0,,,,,,,,104.2425627708435,0.0001
75098,227,100.0,,,,,,,,104.69057965278625,0.0001
75428,228,175.0,,,,,,,,105.15576076507568,0.0001
75804,229,175.0,,,,,,,,105.67710661888123,0.0001
76092,230,50.0,,,,,,,,106.08153343200684,0.0001
76385,231,25.0,,,,,,,,106.48842334747314,0.0001
76646,232,50.0,,,,,,,,106.85999989509583,0.0001
76928,233,150.0,,,,,,,,107.2541081905365,0.0001
77221,234,175.0,,,,,,,,107.66684150695801,0.0001
77491,235,0.0,,,,,,,,108.07486462593079,0.0001
77814,236,175.0,,,,,,,,108.52901339530945,0.0001
78127,237,100.0,,,,,,,,108.96343064308167,0.0001
78485,238,250.0,,,,,,,,109.46381878852844,0.0001
78845,239,250.0,,,,,,,,109.96340227127075,0.0001
79426,240,350.0,,,,,,,,110.76081848144531,0.0001
79880,241,325.0,,,,,,,,111.39783883094788,0.0001
80190,242,150.0,,,,,,,,111.82980728149414,0.0001
80474,243,75.0,,,,,,,,112.26998901367188,0.0001
80778,244,75.0,,,,,,,,112.69673252105713,0.0001
81074,245,125.0,,,,,,,,113.11103892326355,0.0001
81355,246,125.0,,,,,,,,113.49957275390625,0.0001
81700,247,125.0,,,,,,,,113.99315237998962,0.0001
81977,248,0.0,,,,,,,,114.39451503753662,0.0001
82404,249,300.0,,,,,,,,114.98797059059143,0.0001
82801,250,250.0,,,,,,,,115.54543161392212,0.0001
83075,251,0.0,,,,,,,,115.93213391304016,0.0001
83393,252,125.0,,,,,,,,116.37581729888916,0.0001
83805,253,250.0,,,,,,,,116.95485043525696,0.0001
84222,254,250.0,,,,,,,,117.5411319732666,0.0001
84499,255,25.0,,,,,,,,117.93377876281738,0.0001
84923,256,300.0,,,,,,,,118.54559969902039,0.0001
85203,257,75.0,,,,,,,,118.93434977531433,0.0001
85469,258,175.0,,,,,,,,119.32114243507385,0.0001
85740,259,175.0,,,,,,,,119.70510029792786,0.0001
86061,260,200.0,,,,,,,,120.16237115859985,0.0001
86412,261,225.0,,,,,,,,120.65714502334595,0.0001
86795,262,200.0,,,,,,,,121.19452357292175,0.0001
87062,263,175.0,,,,,,,,121.57770848274231,0.0001
87377,264,125.0,,,,,,,,122.03034973144531,0.0001
87669,265,50.0,,,,,,,,122.43942213058472,0.0001
88015,266,275.0,,,,,,,,122.92132639884949,0.0001
88296,267,25.0,,,,,,,,123.3303894996643,0.0001
88569,268,150.0,,,,,,,,123.71430611610413,0.0001
88908,269,125.0,,,,,,,,124.19908618927002,0.0001
89351,270,525.0,,,,,,,,124.8215594291687,0.0001
89680,271,150.0,,,,,,,,125.2877607345581,0.0001
89934,272,50.0,,,,,,,,125.65088200569153,0.0001
90339,273,350.0,,,,,,,,126.21634697914124,0.0001
90649,274,150.0,,,,,,,,126.6529495716095,0.0001
90943,275,125.0,,,,,,,,127.06880831718445,0.0001
91223,276,50.0,,,,,,,,127.46828174591064,0.0001
91617,277,250.0,,,,,,,,128.02734923362732,0.0001
91910,278,25.0,,,,,,,,128.44266152381897,0.0001
92236,279,200.0,,,,,,,,128.91490054130554,0.0001
92509,280,0.0,,,,,,,,129.30258750915527,0.0001
92840,281,100.0,,,,,,,,129.75571036338806,0.0001
93178,282,175.0,,,,,,,,130.2329499721527,0.0001
93513,283,225.0,,,,,,,,130.70328068733215,0.0001
93854,284,200.0,,,,,,,,131.18646025657654,0.0001
94186,285,125.0,,,,,,,,131.65828347206116,0.0001
94630,286,325.0,,,,,,,,132.3207881450653,0.0001
95185,287,450.0,,,,,,,,133.11279821395874,0.0001
95429,288,100.0,,,,,,,,133.46040511131287,0.0001
95691,289,100.0,,,,,,,,133.83292078971863,0.0001
95940,290,50.0,,,,,,,,134.22422456741333,0.0001
96213,291,0.0,,,,,,,,134.66235733032227,0.0001
96583,292,475.0,,,,,,,,135.18595552444458,0.0001
96875,293,200.0,,,,,,,,135.60496854782104,0.0001
97274,294,225.0,,,,,,,,136.17733073234558,0.0001
97647,295,575.0,,,,,,,,136.72771859169006,0.0001
97956,296,225.0,,,,,,,,137.19880151748657,0.0001
98336,297,250.0,,,,,,,,137.7503616809845,0.0001
98787,298,325.0,,,,,,,,138.39809393882751,0.0001
99157,299,125.0,,,,,,,,138.9394016265869,0.0001
99441,300,25.0,,,,,,,,139.37447428703308,0.0001
99739,301,50.0,,,,,,,,139.82120299339294,0.0001
100035,302,75.0,,,,,,,,140.83720898628235,0.0001
100333,303,75.0,,,,,,,,143.67166185379028,0.0001
100707,304,600.0,,,,,,,,147.42947101593018,0.0001
101189,305,525.0,,,,,,,,152.46780705451965,0.0001
101606,306,600.0,,,,,,,,156.78433656692505,0.0001
101928,307,75.0,,,,,,,,160.12015318870544,0.0001
102204,308,0.0,,,,,,,,162.98285102844238,0.0001
102492,309,25.0,,,,,,,,165.98631477355957,0.0001
102768,310,0.0,,,,,,,,168.87695789337158,0.0001
103105,311,425.0,,,,,,,,172.4051811695099,0.0001
103509,312,150.0,,,,,,,,176.62036037445068,0.0001
103802,313,25.0,,,,,,,,179.64790391921997,0.0001
104160,314,225.0,,,,,,,,183.27216958999634,0.0001
104440,315,25.0,,,,,,,,186.18257784843445,0.0001
104785,316,125.0,,,,,,,,189.78000140190125,0.0001
105122,317,75.0,,,,,,,,193.2655529975891,0.0001
105465,318,200.0,,,,,,,,196.82625699043274,0.0001
105847,319,275.0,,,,,,,,200.7871413230896,0.0001
106131,320,125.0,,,,,,,,203.73262119293213,0.0001
106477,321,225.0,,,,,,,,207.32612895965576,0.0001
106827,322,100.0,,,,,,,,210.97497820854187,0.0001
107143,323,75.0,,,,,,,,214.2498586177826,0.0001
107442,324,50.0,,,,,,,,217.35154819488525,0.0001
107855,325,250.0,,,,,,,,221.60982871055603,0.0001
108304,326,325.0,,,,,,,,226.22010111808777,0.0001
108619,327,200.0,,,,,,,,229.47679781913757,0.0001
109076,328,425.0,,,,,,,,234.22289896011353,0.0001
109496,329,250.0,,,,,,,,238.63132977485657,0.0001
109816,330,175.0,,,,,,,,242.0070288181305,0.0001
110066,331,100.0,,,,,,,,244.61949348449707,0.0001
110324,332,100.0,,,,,,,,247.28264904022217,0.0001
110601,333,0.0,,,,,,,,250.20937538146973,0.0001
110908,334,100.0,,,,,,,,253.3705859184265,0.0001
111219,335,100.0,,,,,,,,256.61501264572144,0.0001
111491,336,125.0,,,,,,,,259.4209780693054,0.0001
111767,337,25.0,,,,,,,,262.3028404712677,0.0001
112065,338,100.0,,,,,,,,265.4237005710602,0.0001
112380,339,100.0,,,,,,,,268.68588638305664,0.0001
112672,340,50.0,,,,,,,,271.72125363349915,0.0001
113000,341,425.0,,,,,,,,275.134165763855,0.0001
113298,342,50.0,,,,,,,,278.2648346424103,0.0001
113706,343,225.0,,,,,,,,282.457279920578,0.0001
114048,344,175.0,,,,,,,,286.0029036998749,0.0001
114341,345,50.0,,,,,,,,289.06880235671997,0.0001
114650,346,50.0,,,,,,,,292.2830436229706,0.0001
115035,347,275.0,,,,,,,,296.2737247943878,0.0001
115326,348,75.0,,,,,,,,299.3292226791382,0.0001
115617,349,50.0,,,,,,,,302.3623757362366,0.0001
115975,350,150.0,,,,,,,,306.0649516582489,0.0001
116343,351,275.0,,,,,,,,309.90593695640564,0.0001
116637,352,50.0,,,,,,,,312.98297667503357,0.0001
116926,353,25.0,,,,,,,,315.97383189201355,0.0001
117235,354,75.0,,,,,,,,319.2101306915283,0.0001
117520,355,50.0,,,,,,,,322.1461365222931,0.0001
117818,356,75.0,,,,,,,,325.2042384147644,0.0001
118104,357,50.0,,,,,,,,328.1551010608673,0.0001
118488,358,300.0,,,,,,,,332.15830516815186,0.0001
118766,359,0.0,,,,,,,,335.08671712875366,0.0001
119047,360,100.0,,,,,,,,337.9902288913727,0.0001
119529,361,250.0,,,,,,,,342.9771168231964,0.0001
119811,362,25.0,,,,,,,,345.9041783809662,0.0001
120239,363,275.0,,,,,,,,350.3021049499512,0.0001
120578,364,150.0,,,,,,,,353.8670723438263,0.0001
120846,365,0.0,,,,,,,,356.6100277900696,0.0001
121130,366,100.0,,,,,,,,359.5502464771271,0.0001
121485,367,100.0,,,,,,,,363.2546889781952,0.0001
121893,368,150.0,,,,,,,,367.48303055763245,0.0001
122234,369,175.0,,,,,,,,371.0197832584381,0.0001
122525,370,50.0,,,,,,,,374.0571219921112,0.0001
122838,371,75.0,,,,,,,,377.3306713104248,0.0001
123239,372,575.0,,,,,,,,381.5183126926422,0.0001
123541,373,125.0,,,,,,,,384.7026479244232,0.0001
123952,374,250.0,,,,,,,,388.97177147865295,0.0001
124320,375,225.0,,,,,,,,392.81113171577454,0.0001
124622,376,175.0,,,,,,,,396.02860403060913,0.0001
124925,377,50.0,,,,,,,,399.17425870895386,0.0001
125253,378,125.0,,,,,,,,402.56698989868164,0.0001
125534,379,125.0,,,,,,,,405.5073986053467,0.0001
125993,380,725.0,,,,,,,,410.2991223335266,0.0001
126302,381,125.0,,,,,,,,413.5059030056,0.0001
126642,382,200.0,,,,,,,,417.03784346580505,0.0001
126928,383,200.0,,,,,,,,419.98931431770325,0.0001
127236,384,200.0,,,,,,,,423.1614921092987,0.0001
127571,385,300.0,,,,,,,,426.6583366394043,0.0001
127866,386,225.0,,,,,,,,429.72713446617126,0.0001
128270,387,325.0,,,,,,,,433.97704911231995,0.0001
128779,388,700.0,,,,,,,,439.2635033130646,0.0001
129066,389,25.0,,,,,,,,442.26206946372986,0.0001
129391,390,200.0,,,,,,,,445.63762950897217,0.0001
129703,391,125.0,,,,,,,,448.8628406524658,0.0001
129967,392,100.0,,,,,,,,451.6186411380768,0.0001
130253,393,50.0,,,,,,,,454.6206228733063,0.0001
130619,394,275.0,,,,,,,,458.44353222846985,0.0001
130906,395,25.0,,,,,,,,461.46197175979614,0.0001
131335,396,600.0,,,,,,,,465.91865062713623,0.0001
131693,397,175.0,,,,,,,,469.6683132648468,0.0001
132060,398,175.0,,,,,,,,473.43627071380615,0.0001
132509,399,625.0,,,,,,,,478.1247911453247,0.0001
132834,400,150.0,,,,,,,,481.49726462364197,0.0001
133109,401,100.0,,,,,,,,484.4176104068756,0.0001
133455,402,200.0,,,,,,,,487.9888849258423,0.0001
133765,403,100.0,,,,,,,,491.3123116493225,0.0001
134069,404,150.0,,,,,,,,494.4797031879425,0.0001
134364,405,25.0,,,,,,,,497.5166509151459,0.0001
134676,406,225.0,,,,,,,,500.78497862815857,0.0001
135020,407,150.0,,,,,,,,504.38062739372253,0.0001
135271,408,75.0,,,,,,,,507.0004448890686,0.0001
135535,409,125.0,,,,,,,,509.7801480293274,0.0001
135814,410,25.0,,,,,,,,512.7111539840698,0.0001
136091,411,0.0,,,,,,,,515.604996919632,0.0001
136387,412,250.0,,,,,,,,518.7059011459351,0.0001
136673,413,150.0,,,,,,,,521.6982650756836,0.0001
136980,414,100.0,,,,,,,,524.8740537166595,0.0001
137246,415,125.0,,,,,,,,527.6977355480194,0.0001
137514,416,125.0,,,,,,,,530.504683971405,0.0001
137816,417,125.0,,,,,,,,533.6430945396423,0.0001
138087,418,100.0,,,,,,,,536.4733707904816,0.0001
138392,419,100.0,,,,,,,,539.6660301685333,0.0001
138679,420,175.0,,,,,,,,542.703492641449,0.0001
138958,421,25.0,,,,,,,,545.5931074619293,0.0001
139296,422,150.0,,,,,,,,549.1233539581299,0.0001
139605,423,100.0,,,,,,,,552.3633708953857,0.0001
139975,424,550.0,,,,,,,,556.2358529567719,0.0001
140276,425,75.0,,,,,,,,559.3979587554932,0.0001
140734,426,300.0,,,,,,,,564.2346329689026,0.0001
141052,427,75.0,,,,,,,,567.5522873401642,0.0001
141334,428,25.0,,,,,,,,570.5013217926025,0.0001
141782,429,675.0,,,,,,,,575.1631352901459,0.0001
142061,430,25.0,,,,,,,,578.0593545436859,0.0001
142516,431,275.0,,,,,,,,582.744124174118,0.0001
142855,432,175.0,,,,,,,,586.2817363739014,0.0001
143150,433,50.0,,,,,,,,589.378579378128,0.0001
143511,434,200.0,,,,,,,,593.174444437027,0.0001
143807,435,75.0,,,,,,,,596.2416746616364,0.0001
144139,436,175.0,,,,,,,,599.7148623466492,0.0001
144437,437,100.0,,,,,,,,602.8725011348724,0.0001
144830,438,450.0,,,,,,,,606.9567487239838,0.0001
145259,439,425.0,,,,,,,,611.4664797782898,0.0001
145648,440,525.0,,,,,,,,615.5852961540222,0.0001
146054,441,175.0,,,,,,,,619.8391003608704,0.0001
146352,442,125.0,,,,,,,,622.9443395137787,0.0001
146743,443,150.0,,,,,,,,627.0270130634308,0.0001
147053,444,125.0,,,,,,,,630.3477749824524,0.0001
147321,445,100.0,,,,,,,,633.145584821701,0.0001
147680,446,350.0,,,,,,,,636.8687374591827,0.0001
148115,447,400.0,,,,,,,,641.4611940383911,0.0001
148726,448,700.0,,,,,,,,647.8932552337646,0.0001
149020,449,150.0,,,,,,,,650.9790699481964,0.0001
149337,450,125.0,,,,,,,,654.2937345504761,0.0001
149620,451,25.0,,,,,,,,657.2548725605011,0.0001
150020,452,600.0,,,,,,,,661.4271943569183,0.0001
150339,453,175.0,,,,,,,,664.7783737182617,0.0001
150627,454,125.0,,,,,,,,667.771999835968,0.0001
150930,455,175.0,,,,,,,,670.942409992218,0.0001
151318,456,350.0,,,,,,,,674.9905281066895,0.0001
151678,457,225.0,,,,,,,,678.7715601921082,0.0001
151986,458,200.0,,,,,,,,682.0396280288696,0.0001
152347,459,250.0,,,,,,,,685.8605589866638,0.0001
152656,460,150.0,,,,,,,,689.133312702179,0.0001
153004,461,250.0,,,,,,,,692.7823116779327,0.0001
153456,462,525.0,,,,,,,,697.4803764820099,0.0001
153828,463,200.0,,,,,,,,701.3710725307465,0.0001
154074,464,75.0,,,,,,,,703.974981546402,0.0001
154395,465,150.0,,,,,,,,707.330794095993,0.0001
154677,466,100.0,,,,,,,,710.3371982574463,0.0001
154960,467,175.0,,,,,,,,713.2704882621765,0.0001
155324,468,175.0,,,,,,,,717.1151957511902,0.0001
155640,469,100.0,,,,,,,,720.4408392906189,0.0001
155951,470,125.0,,,,,,,,723.7340888977051,0.0001
156259,471,225.0,,,,,,,,726.9916474819183,0.0001
156563,472,50.0,,,,,,,,730.1486699581146,0.0001
156850,473,50.0,,,,,,,,733.1329078674316,0.0001
157172,474,75.0,,,,,,,,736.4762091636658,0.0001
157461,475,125.0,,,,,,,,739.5737624168396,0.0001
157755,476,175.0,,,,,,,,742.6770901679993,0.0001
158027,477,125.0,,,,,,,,745.5278167724609,0.0001
158351,478,50.0,,,,,,,,748.918240070343,0.0001
158753,479,300.0,,,,,,,,753.1552793979645,0.0001
159128,480,200.0,,,,,,,,757.0517234802246,0.0001
159437,481,75.0,,,,,,,,760.3231554031372,0.0001
159736,482,150.0,,,,,,,,763.438494682312,0.0001
160063,483,175.0,,,,,,,,766.8668534755707,0.0001
160388,484,200.0,,,,,,,,770.2699093818665,0.0001
160878,485,575.0,,,,,,,,775.4393725395203,0.0001
161340,486,700.0,,,,,,,,780.2544026374817,0.0001
161624,487,100.0,,,,,,,,783.255776643753,0.0001
161886,488,75.0,,,,,,,,786.0145473480225,0.0001
162276,489,575.0,,,,,,,,790.0587227344513,0.0001
162591,490,200.0,,,,,,,,793.3824064731598,0.0001
162923,491,150.0,,,,,,,,796.8370938301086,0.0001
163233,492,200.0,,,,,,,,800.1120777130127,0.0001
163663,493,275.0,,,,,,,,804.5892422199249,0.0001
164014,494,600.0,,,,,,,,808.2676904201508,0.0001
164330,495,150.0,,,,,,,,811.6194841861725,0.0001
164608,496,0.0,,,,,,,,814.5044190883636,0.0001
164919,497,75.0,,,,,,,,817.7615630626678,0.0001
165260,498,150.0,,,,,,,,821.3665368556976,0.0001
165693,499,625.0,,,,,,,,825.9717886447906,0.0001
166062,500,150.0,,,,,,,,829.8253555297852,0.0001
166438,501,225.0,,,,,,,,833.7777791023254,0.0001
166878,502,300.0,,,,,,,,838.3719608783722,0.0001
167230,503,175.0,,,,,,,,842.0970005989075,0.0001
167533,504,75.0,,,,,,,,845.2815339565277,0.0001
167920,505,225.0,,,,,,,,849.3634905815125,0.0001
168336,506,275.0,,,,,,,,853.8309690952301,0.0001
168707,507,175.0,,,,,,,,857.7087047100067,0.0001
169027,508,75.0,,,,,,,,861.1053471565247,0.0001
169331,509,125.0,,,,,,,,864.3582203388214,0.0001
169703,510,225.0,,,,,,,,868.2793424129486,0.0001
170033,511,125.0,,,,,,,,871.7603416442871,0.0001
170323,512,75.0,,,,,,,,874.7785277366638,0.0001
170629,513,125.0,,,,,,,,878.0249044895172,0.0001
171032,514,625.0,,,,,,,,882.2276449203491,0.0001
171309,515,25.0,,,,,,,,885.191047668457,0.0001
171630,516,100.0,,,,,,,,888.5111079216003,0.0001
171974,517,200.0,,,,,,,,892.1375839710236,0.0001
172325,518,200.0,,,,,,,,895.8429265022278,0.0001
172578,519,100.0,,,,,,,,898.5328333377838,0.0001
172932,520,225.0,,,,,,,,902.2035748958588,0.0001
173245,521,350.0,,,,,,,,905.5025777816772,0.0001
173562,522,150.0,,,,,,,,908.7677955627441,0.0001
173859,523,125.0,,,,,,,,911.8748960494995,0.0001
174171,524,200.0,,,,,,,,915.170407295227,0.0001
174546,525,325.0,,,,,,,,919.1612174510956,0.0001
174849,526,75.0,,,,,,,,922.3681089878082,0.0001
175147,527,125.0,,,,,,,,925.4784574508667,0.0001
175457,528,150.0,,,,,,,,928.7634992599487,0.0001
175917,529,225.0,,,,,,,,933.6523823738098,0.0001
176149,530,25.0,,,,,,,,936.0710957050323,0.0001
176522,531,550.0,,,,,,,,940.0117251873016,0.0001
176965,532,325.0,,,,,,,,944.7238671779633,0.0001
177267,533,75.0,,,,,,,,947.8947892189026,0.0001
177570,534,75.0,,,,,,,,951.0458695888519,0.0001
177847,535,100.0,,,,,,,,953.954957485199,0.0001
178185,536,75.0,,,,,,,,957.5401782989502,0.0001
178559,537,175.0,,,,,,,,961.5069885253906,0.0001
178859,538,100.0,,,,,,,,964.6739411354065,0.0001
179177,539,75.0,,,,,,,,968.0327610969543,0.0001
179508,540,125.0,,,,,,,,971.5395057201385,0.0001
179789,541,25.0,,,,,,,,974.5310537815094,0.0001
180151,542,475.0,,,,,,,,978.3155162334442,0.0001
180473,543,125.0,,,,,,,,981.7370352745056,0.0001
180749,544,100.0,,,,,,,,984.7039790153503,0.0001
181077,545,200.0,,,,,,,,988.2002139091492,0.0001
181459,546,250.0,,,,,,,,992.1859648227692,0.0001
181767,547,100.0,,,,,,,,995.3702595233917,0.0001
182089,548,175.0,,,,,,,,998.7794096469879,0.0001
182480,549,300.0,,,,,,,,1002.9063975811005,0.0001
182956,550,625.0,,,,,,,,1007.9219007492065,0.0001
183301,551,250.0,,,,,,,,1011.6135039329529,0.0001
183606,552,50.0,,,,,,,,1014.8417565822601,0.0001
183991,553,150.0,,,,,,,,1018.849657535553,0.0001
184322,554,75.0,,,,,,,,1022.3609492778778,0.0001
184620,555,25.0,,,,,,,,1025.4640500545502,0.0001
184941,556,175.0,,,,,,,,1028.8702297210693,0.0001
185227,557,50.0,,,,,,,,1031.8569238185883,0.0001
185570,558,200.0,,,,,,,,1035.5350065231323,0.0001
185960,559,500.0,,,,,,,,1039.6058235168457,0.0001
186310,560,225.0,,,,,,,,1043.3625762462616,0.0001
186642,561,100.0,,,,,,,,1046.8742542266846,0.0001
186885,562,50.0,,,,,,,,1049.4783613681793,0.0001
187192,563,125.0,,,,,,,,1052.682415008545,0.0001
187486,564,175.0,,,,,,,,1055.8128490447998,0.0001
187753,565,75.0,,,,,,,,1058.6779568195343,0.0001
188074,566,150.0,,,,,,,,1062.063913345337,0.0001
188345,567,50.0,,,,,,,,1064.9647450447083,0.0001
188628,568,25.0,,,,,,,,1067.921486377716,0.0001
188914,569,50.0,,,,,,,,1070.9657802581787,0.0001
189223,570,150.0,,,,,,,,1074.2472505569458,0.0001
189519,571,75.0,,,,,,,,1077.3792033195496,0.0001
190023,572,625.0,,,,,,,,1082.7681469917297,0.0001
190345,573,100.0,,,,,,,,1086.142763376236,0.0001
190653,574,175.0,,,,,,,,1089.4059767723083,0.0001
190965,575,225.0,,,,,,,,1092.7407274246216,0.0001
191245,576,50.0,,,,,,,,1095.7256259918213,0.0001
191529,577,100.0,,,,,,,,1098.7649414539337,0.0001
191935,578,175.0,,,,,,,,1103.0066168308258,0.0001
192233,579,75.0,,,,,,,,1106.177651643753,0.0001
192723,580,325.0,,,,,,,,1111.3513541221619,0.0001
193075,581,175.0,,,,,,,,1115.0623483657837,0.0001
193440,582,500.0,,,,,,,,1118.9078426361084,0.0001
193776,583,125.0,,,,,,,,1122.466794013977,0.0001
194061,584,175.0,,,,,,,,1125.5043528079987,0.0001
194388,585,150.0,,,,,,,,1128.894536972046,0.0001
194708,586,250.0,,,,,,,,1132.2841095924377,0.0001
195022,587,100.0,,,,,,,,1135.6576924324036,0.0001
195341,588,175.0,,,,,,,,1139.0511548519135,0.0001
195646,589,100.0,,,,,,,,1142.237095117569,0.0001
196076,590,600.0,,,,,,,,1146.6187725067139,0.0001
196385,591,200.0,,,,,,,,1149.867127418518,0.0001
196714,592,125.0,,,,,,,,1153.2495458126068,0.0001
197052,593,175.0,,,,,,,,1156.7154819965363,0.0001
197440,594,150.0,,,,,,,,1160.7810671329498,0.0001
197764,595,225.0,,,,,,,,1164.2060632705688,0.0001
198041,596,0.0,,,,,,,,1167.167958021164,0.0001
198347,597,250.0,,,,,,,,1170.41441822052,0.0001
198649,598,100.0,,,,,,,,1173.5913047790527,0.0001
198929,599,25.0,,,,,,,,1176.595948457718,0.0001
199333,600,550.0,,,,,,,,1180.8242409229279,0.0001
199615,601,200.0,,,,,,,,1183.8190319538116,0.0001
199881,602,75.0,,,,,,,,1186.6035635471344,0.0001
200298,603,350.0,,,,,,,,1190.9898886680603,0.0001
200592,604,125.0,,,,,,,,1194.0760262012482,0.0001
200964,605,250.0,,,,,,,,1198.0761048793793,0.0001
201259,606,75.0,,,,,,,,1201.2428529262543,0.0001
201586,607,225.0,,,,,,,,1204.732215642929,0.0001
201915,608,250.0,,,,,,,,1208.2299869060516,0.0001
202428,609,575.0,,,,,,,,1213.6355001926422,0.0001
202774,610,475.0,,,,,,,,1217.3479363918304,0.0001
203053,611,50.0,,,,,,,,1220.3164937496185,0.0001
203362,612,50.0,,,,,,,,1223.5923929214478,0.0001
203719,613,200.0,,,,,,,,1227.3841125965118,0.0001
204060,614,75.0,,,,,,,,1230.9740529060364,0.0001
204301,615,50.0,,,,,,,,1233.5750789642334,0.0001
204594,616,50.0,,,,,,,,1236.6937017440796,0.0001
204893,617,50.0,,,,,,,,1239.8875885009766,0.0001
205443,618,725.0,,,,,,,,1245.7469274997711,0.0001
205723,619,25.0,,,,,,,,1248.709288597107,0.0001
206071,620,250.0,,,,,,,,1252.35946726799,0.0001
206467,621,325.0,,,,,,,,1256.5115866661072,0.0001
206739,622,0.0,,,,,,,,1259.4038820266724,0.0001
207299,623,275.0,,,,,,,,1265.3604109287262,0.0001
207608,624,100.0,,,,,,,,1268.6623167991638,0.0001
207986,625,725.0,,,,,,,,1272.6357598304749,0.0001
208370,626,275.0,,,,,,,,1276.717148065567,0.0001
208650,627,200.0,,,,,,,,1279.6906080245972,0.0001
209043,628,250.0,,,,,,,,1283.8919541835785,0.0001
209298,629,50.0,,,,,,,,1286.6607699394226,0.0001
209594,630,175.0,,,,,,,,1289.8357174396515,0.0001
209906,631,125.0,,,,,,,,1293.1304113864899,0.0001
210190,632,100.0,,,,,,,,1296.1723251342773,0.0001
210574,633,225.0,,,,,,,,1300.220466852188,0.0001
210964,634,275.0,,,,,,,,1304.3744339942932,0.0001
211269,635,75.0,,,,,,,,1307.6612775325775,0.0001
211604,636,550.0,,,,,,,,1311.1986765861511,0.0001
212068,637,675.0,,,,,,,,1316.0841913223267,0.0001
212338,638,75.0,,,,,,,,1318.9886221885681,0.0001
212591,639,50.0,,,,,,,,1321.6924767494202,0.0001
212843,640,125.0,,,,,,,,1324.3855457305908,0.0001
213205,641,500.0,,,,,,,,1328.2825999259949,0.0001
213536,642,125.0,,,,,,,,1331.8034808635712,0.0001
213931,643,175.0,,,,,,,,1336.0361232757568,0.0001
214232,644,75.0,,,,,,,,1339.2469696998596,0.0001
214638,645,575.0,,,,,,,,1343.5528726577759,0.0001
214949,646,125.0,,,,,,,,1346.858730316162,0.0001
215296,647,125.0,,,,,,,,1350.5069527626038,0.0001
215637,648,250.0,,,,,,,,1354.1680994033813,0.0001
215934,649,150.0,,,,,,,,1357.375685453415,0.0001
216194,650,75.0,,,,,,,,1360.1654653549194,0.0001
216512,651,175.0,,,,,,,,1363.5218615531921,0.0001
216894,652,600.0,,,,,,,,1367.6177711486816,0.0001
217150,653,75.0,,,,,,,,1370.3485939502716,0.0001
217578,654,575.0,,,,,,,,1374.9405283927917,0.0001
217985,655,300.0,,,,,,,,1379.3107812404633,0.0001
218423,656,300.0,,,,,,,,1383.92928647995,0.0001
218816,657,475.0,,,,,,,,1388.1472473144531,0.0001
219094,658,100.0,,,,,,,,1391.166089773178,0.0001
219399,659,75.0,,,,,,,,1394.461600780487,0.0001
219710,660,100.0,,,,,,,,1397.769984960556,0.0001
220024,661,225.0,,,,,,,,1401.0843875408173,0.0001
220390,662,500.0,,,,,,,,1404.9898972511292,0.0001
220662,663,0.0,,,,,,,,1407.8591952323914,0.0001
220995,664,125.0,,,,,,,,1411.4059264659882,0.0001
221520,665,725.0,,,,,,,,1416.9665129184723,0.0001
221929,666,625.0,,,,,,,,1421.3871626853943,0.0001
222277,667,150.0,,,,,,,,1425.1095824241638,0.0001
222668,668,225.0,,,,,,,,1429.19775390625,0.0001
223095,669,625.0,,,,,,,,1433.791751384735,0.0001
223389,670,200.0,,,,,,,,1436.9433014392853,0.0001
223698,671,175.0,,,,,,,,1440.2021248340607,0.0001
224080,672,275.0,,,,,,,,1444.2071211338043,0.0001
224366,673,125.0,,,,,,,,1447.2854359149933,0.0001
224791,674,300.0,,,,,,,,1451.780389547348,0.0001
225131,675,125.0,,,,,,,,1455.4124624729156,0.0001
225517,676,125.0,,,,,,,,1459.5697708129883,0.0001
225815,677,50.0,,,,,,,,1462.7557594776154,0.0001
226113,678,50.0,,,,,,,,1465.9778339862823,0.0001
226611,679,375.0,,,,,,,,1471.333086013794,0.0001
227080,680,600.0,,,,,,,,1476.329467535019,0.0001
227361,681,175.0,,,,,,,,1479.3246405124664,0.0001
227910,682,1225.0,,,,,,,,1485.1821320056915,0.0001
228167,683,75.0,,,,,,,,1487.9398086071014,0.0001
228457,684,50.0,,,,,,,,1491.0607295036316,0.0001
228727,685,0.0,,,,,,,,1493.9340255260468,0.0001
229059,686,475.0,,,,,,,,1497.4690890312195,0.0001
229545,687,350.0,,,,,,,,1502.6644976139069,0.0001
229854,688,175.0,,,,,,,,1505.9587428569794,0.0001
230329,689,350.0,,,,,,,,1510.9800601005554,0.0001
230628,690,125.0,,,,,,,,1514.15696144104,0.0001
230992,691,125.0,,,,,,,,1518.076780796051,0.0001
231342,692,550.0,,,,,,,,1521.837521314621,0.0001
231755,693,200.0,,,,,,,,1526.2348170280457,0.0001
232018,694,100.0,,,,,,,,1529.0620884895325,0.0001
232376,695,225.0,,,,,,,,1532.8563907146454,0.0001
232750,696,250.0,,,,,,,,1536.8531761169434,0.0001
233043,697,25.0,,,,,,,,1539.9985237121582,0.0001
233380,698,550.0,,,,,,,,1543.598111629486,0.0001
233811,699,250.0,,,,,,,,1548.2502870559692,0.0001
234202,700,625.0,,,,,,,,1552.46853017807,0.0001
234487,701,25.0,,,,,,,,1555.528473854065,0.0001
234805,702,175.0,,,,,,,,1558.9481225013733,0.0001
235119,703,100.0,,,,,,,,1562.2489874362946,0.0001
235436,704,75.0,,,,,,,,1565.5909676551819,0.0001
235755,705,100.0,,,,,,,,1569.0249943733215,0.0001
236114,706,150.0,,,,,,,,1572.8816978931427,0.0001
236466,707,275.0,,,,,,,,1576.605556488037,0.0001
236837,708,225.0,,,,,,,,1580.5638589859009,0.0001
237151,709,550.0,,,,,,,,1583.8529686927795,0.0001
237468,710,200.0,,,,,,,,1587.2663209438324,0.0001
237756,711,25.0,,,,,,,,1590.3654518127441,0.0001
238007,712,75.0,,,,,,,,1593.0734477043152,0.0001
238354,713,175.0,,,,,,,,1596.7630565166473,0.0001
238669,714,100.0,,,,,,,,1600.1284711360931,0.0001
238973,715,125.0,,,,,,,,1603.3645899295807,0.0001
239276,716,100.0,,,,,,,,1606.618263721466,0.0001
239711,717,675.0,,,,,,,,1611.308188199997,0.0001
240000,718,25.0,,,,,,,,1614.343831539154,0.0001
240357,719,200.0,,,,,,,,1618.1630487442017,0.0001
240632,720,100.0,,,,,,,,1621.0935020446777,0.0001
241019,721,300.0,,,,,,,,1625.2462365627289,0.0001
241442,722,250.0,,,,,,,,1629.7729816436768,0.0001
241808,723,200.0,,,,,,,,1633.6514744758606,0.0001
242191,724,625.0,,,,,,,,1637.7623798847198,0.0001
242477,725,25.0,,,,,,,,1640.7969903945923,0.0001
242874,726,300.0,,,,,,,,1645.047138929367,0.0001
243260,727,275.0,,,,,,,,1649.136721611023,0.0001
243665,728,300.0,,,,,,,,1653.5171511173248,0.0001
244058,729,650.0,,,,,,,,1657.744692325592,0.0001
244376,730,150.0,,,,,,,,1661.125072002411,0.0001
244754,731,225.0,,,,,,,,1665.1729953289032,0.0001
244992,732,25.0,,,,,,,,1667.7304198741913,0.0001
245284,733,50.0,,,,,,,,1670.8723151683807,0.0001
245734,734,250.0,,,,,,,,1675.6746425628662,0.0001
245976,735,50.0,,,,,,,,1678.267359495163,0.0001
246260,736,50.0,,,,,,,,1681.2389166355133,0.0001
246600,737,275.0,,,,,,,,1684.8751351833344,0.0001
246987,738,275.0,,,,,,,,1688.9701130390167,0.0001
247434,739,675.0,,,,,,,,1693.7760553359985,0.0001
247846,740,575.0,,,,,,,,1698.265431880951,0.0001
248275,741,375.0,,,,,,,,1702.8745019435883,0.0001
248583,742,100.0,,,,,,,,1706.242651462555,0.0001
248898,743,225.0,,,,,,,,1709.690444469452,0.0001
249287,744,275.0,,,,,,,,1713.901882648468,0.0001
249669,745,200.0,,,,,,,,1718.0283496379852,0.0001
250074,746,300.0,,,,,,,,1722.4074676036835,0.0001
250424,747,125.0,,,,,,,,1726.1687233448029,0.0001
250688,748,175.0,,,,,,,,1729.0482940673828,0.0001
250986,749,225.0,,,,,,,,1732.2991287708282,0.0001
251300,750,75.0,,,,,,,,1735.6591279506683,0.0001
251826,751,850.0,,,,,,,,1741.3246774673462,0.0001
252133,752,150.0,,,,,,,,1744.6350665092468,0.0001
252433,753,225.0,,,,,,,,1747.8699567317963,0.0001
252777,754,225.0,,,,,,,,1751.6027352809906,0.0001
253340,755,825.0,,,,,,,,1757.5874509811401,0.0001
253767,756,175.0,,,,,,,,1762.2094202041626,0.0001
254204,757,300.0,,,,,,,,1766.9023337364197,0.0001
254522,758,300.0,,,,,,,,1770.3150670528412,0.0001
255044,759,400.0,,,,,,,,1775.9126670360565,0.0001
255401,760,325.0,,,,,,,,1779.767814874649,0.0001
255816,761,275.0,,,,,,,,1784.1854500770569,0.0001
256104,762,75.0,,,,,,,,1787.2529623508453,0.0001
256423,763,175.0,,,,,,,,1790.7128372192383,0.0001
256744,764,150.0,,,,,,,,1794.1823558807373,0.0001
257182,765,600.0,,,,,,,,1798.9165966510773,0.0001
257531,766,550.0,,,,,,,,1802.627513408661,0.0001
257842,767,175.0,,,,,,,,1806.00132894516,0.0001
258145,768,150.0,,,,,,,,1809.2625725269318,0.0001
258389,769,25.0,,,,,,,,1811.87752866745,0.0001
258827,770,275.0,,,,,,,,1816.4924643039703,0.0001
259226,771,525.0,,,,,,,,1820.8111550807953,0.0001
259487,772,125.0,,,,,,,,1823.6047973632812,0.0001
259791,773,125.0,,,,,,,,1826.86869931221,0.0001
260155,774,225.0,,,,,,,,1830.7513315677643,0.0001
260616,775,650.0,,,,,,,,1835.6586875915527,0.0001
260911,776,125.0,,,,,,,,1838.8465852737427,0.0001
261204,777,50.0,,,,,,,,1842.0447008609772,0.0001
261500,778,50.0,,,,,,,,1845.2316501140594,0.0001
261783,779,25.0,,,,,,,,1848.2862792015076,0.0001
262187,780,225.0,,,,,,,,1852.7061927318573,0.0001
262502,781,125.0,,,,,,,,1856.0539863109589,0.0001
262833,782,250.0,,,,,,,,1859.6278913021088,0.0001
263265,783,375.0,,,,,,,,1864.2848942279816,0.0001
263569,784,75.0,,,,,,,,1867.596604347229,0.0001
263870,785,150.0,,,,,,,,1870.7988648414612,0.0001
264341,786,575.0,,,,,,,,1875.8912558555603,0.0001
264625,787,50.0,,,,,,,,1878.9663257598877,0.0001
265108,788,400.0,,,,,,,,1884.1293528079987,0.0001
265578,789,300.0,,,,,,,,1889.1643371582031,0.0001
265870,790,50.0,,,,,,,,1892.3198854923248,0.0001
266148,791,0.0,,,,,,,,1895.3074250221252,0.0001
266496,792,350.0,,,,,,,,1899.0329992771149,0.0001
266769,793,0.0,,,,,,,,1902.021592617035,0.0001
267107,794,175.0,,,,,,,,1905.657287120819,0.0001
267374,795,175.0,,,,,,,,1908.5692348480225,0.0001
267669,796,50.0,,,,,,,,1911.7999312877655,0.0001
268116,797,400.0,,,,,,,,1916.583024263382,0.0001
268634,798,775.0,,,,,,,,1922.146844625473,0.0001
268957,799,100.0,,,,,,,,1925.6016645431519,0.0001
269294,800,125.0,,,,,,,,1929.2028880119324,0.0001
269608,801,150.0,,,,,,,,1932.5527532100677,0.0001
269907,802,50.0,,,,,,,,1935.7823374271393,0.0001
270261,803,125.0,,,,,,,,1939.626701593399,0.0001
270650,804,550.0,,,,,,,,1943.764820575714,0.0001
270954,805,50.0,,,,,,,,1947.0080661773682,0.0001
271256,806,150.0,,,,,,,,1950.2681686878204,0.0001
271545,807,125.0,,,,,,,,1953.441927433014,0.0001
271861,808,150.0,,,,,,,,1956.8532121181488,0.0001
272294,809,200.0,,,,,,,,1961.494704246521,0.0001
272661,810,525.0,,,,,,,,1965.4628794193268,0.0001
272967,811,75.0,,,,,,,,1968.746372461319,0.0001
273437,812,300.0,,,,,,,,1973.8137819766998,0.0001
273751,813,125.0,,,,,,,,1977.1870629787445,0.0001
274159,814,275.0,,,,,,,,1981.5481777191162,0.0001
274521,815,125.0,,,,,,,,1985.4280097484589,0.0001
274908,816,275.0,,,,,,,,1989.5807225704193,0.0001
275295,817,275.0,,,,,,,,1993.7401714324951,0.0001
275688,818,550.0,,,,,,,,1997.9709599018097,0.0001
275997,819,100.0,,,,,,,,2001.330194234848,0.0001
276422,820,725.0,,,,,,,,2005.890816450119,0.0001
276845,821,250.0,,,,,,,,2010.4827618598938,0.0001
277166,822,200.0,,,,,,,,2013.9878871440887,0.0001
277447,823,0.0,,,,,,,,2016.9697830677032,0.0001
277837,824,300.0,,,,,,,,2021.1586725711823,0.0001
278185,825,125.0,,,,,,,,2024.8717594146729,0.0001
278629,826,300.0,,,,,,,,2029.6429016590118,0.0001
278951,827,275.0,,,,,,,,2033.0736727714539,0.0001
279234,828,25.0,,,,,,,,2036.046501159668,0.0001
279650,829,275.0,,,,,,,,2040.434752702713,0.0001
280019,830,175.0,,,,,,,,2044.3859822750092,0.0001
280278,831,175.0,,,,,,,,2047.1891186237335,0.0001
280603,832,125.0,,,,,,,,2050.7148933410645,0.0001
280970,833,200.0,,,,,,,,2054.682550907135,0.0001
281495,834,700.0,,,,,,,,2060.4126217365265,0.0001
281978,835,800.0,,,,,,,,2065.6081993579865,0.0001
282266,836,75.0,,,,,,,,2068.6778044700623,0.0001
282723,837,275.0,,,,,,,,2073.609987258911,0.0001
283073,838,250.0,,,,,,,,2077.441606283188,0.0001
283359,839,50.0,,,,,,,,2080.4877302646637,0.0001
283714,840,500.0,,,,,,,,2084.3486449718475,0.0001
284181,841,325.0,,,,,,,,2089.4163825511932,0.0001
284716,842,375.0,,,,,,,,2095.168202161789,0.0001
284996,843,25.0,,,,,,,,2098.2325718402863,0.0001
285387,844,600.0,,,,,,,,2102.421823501587,0.0001
285662,845,75.0,,,,,,,,2105.3636088371277,0.0001
286058,846,225.0,,,,,,,,2109.6606352329254,0.0001
286406,847,175.0,,,,,,,,2113.4629480838776,0.0001
286709,848,125.0,,,,,,,,2116.749166727066,0.0001
286999,849,50.0,,,,,,,,2119.8894426822662,0.0001
287287,850,200.0,,,,,,,,2123.0188834667206,0.0001
287679,851,525.0,,,,,,,,2127.2404210567474,0.0001
288001,852,100.0,,,,,,,,2130.7520229816437,0.0001
288385,853,200.0,,,,,,,,2134.9102323055267,0.0001
288739,854,475.0,,,,,,,,2138.700233221054,0.0001
289070,855,200.0,,,,,,,,2142.2871668338776,0.0001
289499,856,300.0,,,,,,,,2146.902218103409,0.0001
289784,857,75.0,,,,,,,,2149.9758887290955,0.0001
290227,858,300.0,,,,,,,,2154.7486650943756,0.0001
290633,859,300.0,,,,,,,,2159.185595035553,0.0001
290896,860,125.0,,,,,,,,2162.045399904251,0.0001
291261,861,725.0,,,,,,,,2166.0826370716095,0.0001
291607,862,125.0,,,,,,,,2169.775942802429,0.0001
292038,863,200.0,,,,,,,,2174.4715991020203,0.0001
292381,864,275.0,,,,,,,,2178.1713783740997,0.0001
292805,865,225.0,,,,,,,,2182.7663564682007,0.0001
293070,866,100.0,,,,,,,,2185.6251769065857,0.0001
293356,867,225.0,,,,,,,,2188.714998960495,0.0001
293651,868,75.0,,,,,,,,2191.9114949703217,0.0001
293935,869,175.0,,,,,,,,2194.975195646286,0.0001
294398,870,400.0,,,,,,,,2200.0037145614624,0.0001
294707,871,100.0,,,,,,,,2203.390989303589,0.0001
295034,872,100.0,,,,,,,,2206.9924352169037,0.0001
295328,873,125.0,,,,,,,,2210.1402320861816,0.0001
295609,874,25.0,,,,,,,,2213.205590724945,0.0001
295894,875,50.0,,,,,,,,2216.3309309482574,0.0001
296190,876,75.0,,,,,,,,2219.547840356827,0.0001
296475,877,25.0,,,,,,,,2222.612597465515,0.0001
296861,878,300.0,,,,,,,,2226.8234519958496,0.0001
297185,879,125.0,,,,,,,,2230.3430202007294,0.0001
297517,880,150.0,,,,,,,,2233.9817996025085,0.0001
297917,881,275.0,,,,,,,,2238.346063375473,0.0001
298361,882,325.0,,,,,,,,2243.1936070919037,0.0001
298966,883,425.0,,,,,,,,2249.7078580856323,0.0001
299321,884,200.0,,,,,,,,2253.547548532486,0.0001
299681,885,300.0,,,,,,,,2257.436850309372,0.0001
299995,886,125.0,,,,,,,,2260.82453584671,0.0001
300265,887,75.0,,,,,,,,2263.7605872154236,0.0001
300783,888,275.0,,,,,,,,2269.403510570526,0.0001
301134,889,225.0,,,,,,,,2273.222268819809,0.0001
301408,890,125.0,,,,,,,,2276.156075000763,0.0001
301746,891,200.0,,,,,,,,2279.893664121628,0.0001
302050,892,100.0,,,,,,,,2283.177558898926,0.0001
302330,893,75.0,,,,,,,,2286.222758769989,0.0001
302838,894,575.0,,,,,,,,2291.7379112243652,0.0001
303327,895,325.0,,,,,,,,2296.9607701301575,0.0001
303882,896,400.0,,,,,,,,2302.977883577347,0.0001
304236,897,175.0,,,,,,,,2306.7993364334106,0.0001
304593,898,275.0,,,,,,,,2310.6403324604034,0.0001
304872,899,25.0,,,,,,,,2313.6248054504395,0.0001
305384,900,350.0,,,,,,,,2319.1654827594757,0.0001
305695,901,75.0,,,,,,,,2322.5236489772797,0.0001
306107,902,250.0,,,,,,,,2326.9892344474792,0.0001
306626,903,900.0,,,,,,,,2332.5908093452454,0.0001
307024,904,550.0,,,,,,,,2336.9013235569,0.0001
307436,905,175.0,,,,,,,,2341.352777004242,0.0001
307815,906,600.0,,,,,,,,2345.5391120910645,0.0001
308175,907,125.0,,,,,,,,2349.490443944931,0.0001
308422,908,50.0,,,,,,,,2352.1848385334015,0.0001
308808,909,150.0,,,,,,,,2356.3281767368317,0.0001
309200,910,275.0,,,,,,,,2360.5799605846405,0.0001
309475,911,0.0,,,,,,,,2363.5357842445374,0.0001
309924,912,250.0,,,,,,,,2368.389122247696,0.0001
310301,913,225.0,,,,,,,,2372.492748737335,0.0001
310673,914,250.0,,,,,,,,2376.5839264392853,0.0001
310969,915,50.0,,,,,,,,2379.884471178055,0.0001
311254,916,100.0,,,,,,,,2382.9989824295044,0.0001
311724,917,325.0,,,,,,,,2388.0741035938263,0.0001
312084,918,200.0,,,,,,,,2392.0160415172577,0.0001
312489,919,650.0,,,,,,,,2396.4433205127716,0.0001
312911,920,325.0,,,,,,,,2401.028584241867,0.0001
313156,921,100.0,,,,,,,,2403.6881890296936,0.0001
313467,922,150.0,,,,,,,,2407.0638477802277,0.0001
313952,923,350.0,,,,,,,,2412.335440635681,0.0001
314234,924,200.0,,,,,,,,2415.398610830307,0.0001
314507,925,175.0,,,,,,,,2418.365422487259,0.0001
314881,926,200.0,,,,,,,,2422.4139018058777,0.0001
315294,927,300.0,,,,,,,,2426.9415259361267,0.0001
315598,928,75.0,,,,,,,,2430.2323439121246,0.0001
315967,929,275.0,,,,,,,,2434.2316901683807,0.0001
316545,930,1175.0,,,,,,,,2440.6198596954346,0.0001
317104,931,650.0,,,,,,,,2446.7200350761414,0.0001
317473,932,175.0,,,,,,,,2450.7140934467316,0.0001
318141,933,350.0,,,,,,,,2457.9810745716095,0.0001
318390,934,125.0,,,,,,,,2460.674738883972,0.0001
318750,935,525.0,,,,,,,,2464.589092731476,0.0001
319195,936,125.0,,,,,,,,2469.476158618927,0.0001
319610,937,400.0,,,,,,,,2474.046647310257,0.0001
319997,938,350.0,,,,,,,,2478.2277636528015,0.0001
320389,939,300.0,,,,,,,,2482.476702928543,0.0001
320808,940,275.0,,,,,,,,2487.0214099884033,0.0001
321075,941,125.0,,,,,,,,2489.955552339554,0.0001
321574,942,475.0,,,,,,,,2495.3457124233246,0.0001
321928,943,275.0,,,,,,,,2499.1992111206055,0.0001
322357,944,775.0,,,,,,,,2503.8750519752502,0.0001
322771,945,325.0,,,,,,,,2508.374391555786,0.0001
323066,946,125.0,,,,,,,,2511.56560587883,0.0001
323317,947,50.0,,,,,,,,2514.342660188675,0.0001
323605,948,25.0,,,,,,,,2517.4527168273926,0.0001
323983,949,250.0,,,,,,,,2521.535156726837,0.0001
324362,950,125.0,,,,,,,,2525.6413855552673,0.0001
324743,951,300.0,,,,,,,,2529.807594537735,0.0001
325186,952,325.0,,,,,,,,2534.660820245743,0.0001
325589,953,225.0,,,,,,,,2539.0490505695343,0.0001
325960,954,200.0,,,,,,,,2543.001498937607,0.0001
326317,955,150.0,,,,,,,,2546.957175254822,0.0001
326648,956,200.0,,,,,,,,2550.5856988430023,0.0001
326917,957,150.0,,,,,,,,2553.545065641403,0.0001
327322,958,325.0,,,,,,,,2557.9551310539246,0.0001
327656,959,175.0,,,,,,,,2561.6007866859436,0.0001
328169,960,400.0,,,,,,,,2567.160344839096,0.0001
328444,961,150.0,,,,,,,,2570.1465349197388,0.0001
328755,962,450.0,,,,,,,,2573.6176040172577,0.0001
329081,963,200.0,,,,,,,,2577.2753055095673,0.0001
329377,964,250.0,,,,,,,,2580.532912015915,0.0001
329668,965,175.0,,,,,,,,2583.6982040405273,0.0001
329992,966,100.0,,,,,,,,2587.2495782375336,0.0001
330438,967,600.0,,,,,,,,2592.081821203232,0.0001
330759,968,200.0,,,,,,,,2595.5881202220917,0.0001
331133,969,275.0,,,,,,,,2599.745121717453,0.0001
331500,970,150.0,,,,,,,,2603.7478725910187,0.0001
331912,971,250.0,,,,,,,,2608.241994380951,0.0001
332326,972,325.0,,,,,,,,2612.80397605896,0.0001
332676,973,300.0,,,,,,,,2616.6231260299683,0.0001
333060,974,175.0,,,,,,,,2620.7851088047028,0.0001
333633,975,875.0,,,,,,,,2627.04398727417,0.0001
334005,976,250.0,,,,,,,,2631.1489958763123,0.0001
334273,977,100.0,,,,,,,,2634.049509048462,0.0001
334782,978,375.0,,,,,,,,2639.5714790821075,0.0001
335120,979,300.0,,,,,,,,2643.1496193408966,0.0001
335460,980,200.0,,,,,,,,2646.9024221897125,0.0001
335996,981,400.0,,,,,,,,2652.798908472061,0.0001
336583,982,375.0,,,,,,,,2659.288697719574,0.0001
336969,983,225.0,,,,,,,,2663.6144363880157,0.0001
337250,984,25.0,,,,,,,,2666.6840057373047,0.0001
337615,985,125.0,,,,,,,,2670.6402950286865,0.0001
338029,986,375.0,,,,,,,,2675.125601530075,0.0001
338271,987,50.0,,,,,,,,2677.7494184970856,0.0001
338547,988,25.0,,,,,,,,2680.732732772827,0.0001
338942,989,200.0,,,,,,,,2685.0548391342163,0.0001
339269,990,200.0,,,,,,,,2688.6607863903046,0.0001
339628,991,225.0,,,,,,,,2692.554085254669,0.0001
339908,992,0.0,,,,,,,,2695.639880657196,0.0001
340346,993,200.0,,,,,,,,2700.481113910675,0.0001
340691,994,150.0,,,,,,,,2704.232924222946,0.0001
341079,995,175.0,,,,,,,,2708.4961745738983,0.0001
341505,996,625.0,,,,,,,,2713.191853761673,0.0001
341911,997,225.0,,,,,,,,2717.6855232715607,0.0001
342239,998,300.0,,,,,,,,2721.3178911209106,0.0001
342639,999,700.0,,,,,,,,2725.74453830719,0.0001
343112,1000,350.0,,,,,,,,2730.8792564868927,0.0001
343414,1001,75.0,,,,,,,,2734.2497458457947,0.0001
343860,1002,675.0,,,,,,,,2739.105925798416,0.0001
344266,1003,275.0,,,,,,,,2743.5696325302124,0.0001
344596,1004,200.0,,,,,,,,2747.210889339447,0.0001
344947,1005,200.0,,,,,,,,2751.0870563983917,0.0001
345485,1006,350.0,,,,,,,,2757.036217212677,0.0001
345798,1007,75.0,,,,,,,,2760.4608166217804,0.0001
346072,1008,0.0,,,,,,,,2763.4293808937073,0.0001
346388,1009,175.0,,,,,,,,2766.923985481262,0.0001
346822,1010,275.0,,,,,,,,2771.695803165436,0.0001
347186,1011,325.0,,,,,,,,2775.7214465141296,0.0001
347445,1012,125.0,,,,,,,,2778.5903537273407,0.0001
347891,1013,400.0,,,,,,,,2783.4687936306,0.0001
348249,1014,175.0,,,,,,,,2787.4157388210297,0.0001
348586,1015,175.0,,,,,,,,2791.1148030757904,0.0001
348963,1016,600.0,,,,,,,,2795.2170689105988,0.0001
349273,1017,250.0,,,,,,,,2798.6270265579224,0.0001
349622,1018,250.0,,,,,,,,2802.4911649227142,0.0001
350034,1019,350.0,,,,,,,,2806.9729340076447,0.0001
350361,1020,150.0,,,,,,,,2810.5103969573975,0.0001
350700,1021,475.0,,,,,,,,2814.177036046982,0.0001
351103,1022,325.0,,,,,,,,2818.6394889354706,0.0001
351571,1023,325.0,,,,,,,,2823.807045698166,0.0001
351998,1024,550.0,,,,,,,,2828.555802822113,0.0001
352325,1025,125.0,,,,,,,,2832.1015083789825,0.0001
352704,1026,350.0,,,,,,,,2836.200544834137,0.0001
353040,1027,250.0,,,,,,,,2839.868184566498,0.0001
353294,1028,175.0,,,,,,,,2842.6678442955017,0.0001
353710,1029,275.0,,,,,,,,2847.2423825263977,0.0001
354231,1030,625.0,,,,,,,,2852.944612979889,0.0001
354519,1031,125.0,,,,,,,,2856.0731112957,0.0001
355030,1032,400.0,,,,,,,,2861.6454508304596,0.0001
355384,1033,450.0,,,,,,,,2865.4585180282593,0.0001
355724,1034,275.0,,,,,,,,2869.0889341831207,0.0001
355997,1035,0.0,,,,,,,,2872.064253091812,0.0001
356345,1036,200.0,,,,,,,,2875.872368812561,0.0001
356656,1037,525.0,,,,,,,,2879.2611565589905,0.0001
356951,1038,175.0,,,,,,,,2882.530036211014,0.0001
357383,1039,575.0,,,,,,,,2887.248719215393,0.0001
357794,1040,525.0,,,,,,,,2891.778326034546,0.0001
358211,1041,350.0,,,,,,,,2896.3587234020233,0.0001
358804,1042,475.0,,,,,,,,2902.8369221687317,0.0001
359181,1043,575.0,,,,,,,,2906.99755525589,0.0001
359638,1044,675.0,,,,,,,,2912.008670091629,0.0001
359969,1045,200.0,,,,,,,,2915.6340630054474,0.0001
360390,1046,200.0,,,,,,,,2920.2515709400177,0.0001
360816,1047,625.0,,,,,,,,2924.842506170273,0.0001
361392,1048,425.0,,,,,,,,2931.1770372390747,0.0001
361869,1049,325.0,,,,,,,,2936.3840868473053,0.0001
362157,1050,50.0,,,,,,,,2939.5473506450653,0.0001
362612,1051,300.0,,,,,,,,2944.565764904022,0.0001
363268,1052,1200.0,,,,,,,,2951.8054299354553,0.0001
363604,1053,275.0,,,,,,,,2955.5103895664215,0.0001
363991,1054,125.0,,,,,,,,2959.751881122589,0.0001
364434,1055,375.0,,,,,,,,2964.6604132652283,0.0001
364833,1056,325.0,,,,,,,,2969.0608460903168,0.0001
365213,1057,300.0,,,,,,,,2973.2173466682434,0.0001
365631,1058,375.0,,,,,,,,2977.8003227710724,0.0001
365968,1059,175.0,,,,,,,,2981.443442106247,0.0001
366302,1060,175.0,,,,,,,,2985.122071504593,0.0001
366629,1061,175.0,,,,,,,,2988.620170354843,0.0001
366931,1062,100.0,,,,,,,,2991.906227350235,0.0001
367238,1063,50.0,,,,,,,,2995.250025987625,0.0001
367693,1064,275.0,,,,,,,,3000.2200236320496,0.0001
368015,1065,225.0,,,,,,,,3003.715562582016,0.0001
368304,1066,75.0,,,,,,,,3006.8985617160797,0.0001
368699,1067,225.0,,,,,,,,3011.2181301116943,0.0001
368978,1068,25.0,,,,,,,,3014.344631433487,0.0001
369275,1069,100.0,,,,,,,,3017.561940908432,0.0001
369721,1070,400.0,,,,,,,,3022.4688243865967,0.0001
370223,1071,300.0,,,,,,,,3027.9229233264923,0.0001
370587,1072,325.0,,,,,,,,3031.902671813965,0.0001
371219,1073,400.0,,,,,,,,3038.846648454666,0.0001
371669,1074,475.0,,,,,,,,3043.7906787395477,0.0001
372260,1075,800.0,,,,,,,,3050.2386367321014,0.0001
372611,1076,225.0,,,,,,,,3054.1128656864166,0.0001
372923,1077,175.0,,,,,,,,3057.4775042533875,0.0001
373174,1078,50.0,,,,,,,,3060.2850222587585,0.0001
373484,1079,200.0,,,,,,,,3063.6866040229797,0.0001
373829,1080,200.0,,,,,,,,3067.492088317871,0.0001
374234,1081,400.0,,,,,,,,3071.9198410511017,0.0001
374550,1082,125.0,,,,,,,,3075.4026832580566,0.0001
375100,1083,350.0,,,,,,,,3081.416475534439,0.0001
375362,1084,100.0,,,,,,,,3084.3254206180573,0.0001
375627,1085,150.0,,,,,,,,3087.184755086899,0.0001
375960,1086,175.0,,,,,,,,3090.8688032627106,0.0001
376344,1087,400.0,,,,,,,,3095.1219329833984,0.0001
376626,1088,50.0,,,,,,,,3098.2448546886444,0.0001
376906,1089,25.0,,,,,,,,3101.3831267356873,0.0001
377299,1090,750.0,,,,,,,,3105.7267034053802,0.0001
377609,1091,150.0,,,,,,,,3109.176747560501,0.0001
377991,1092,250.0,,,,,,,,3113.331730365753,0.0001
378287,1093,150.0,,,,,,,,3116.6209120750427,0.0001
378661,1094,250.0,,,,,,,,3120.6962385177612,0.0001
379002,1095,275.0,,,,,,,,3124.4308445453644,0.0001
379440,1096,825.0,,,,,,,,3129.2450392246246,0.0001
379769,1097,225.0,,,,,,,,3132.9302361011505,0.0001
380374,1098,300.0,,,,,,,,3139.5914709568024,0.0001
380909,1099,350.0,,,,,,,,3145.4476783275604,0.0001
381265,1100,150.0,,,,,,,,3149.3602311611176,0.0001
381751,1101,300.0,,,,,,,,3154.6952056884766,0.0001
382158,1102,375.0,,,,,,,,3159.194112300873,0.0001
382525,1103,175.0,,,,,,,,3163.2593410015106,0.0001
382923,1104,200.0,,,,,,,,3167.6072764396667,0.0001
383208,1105,50.0,,,,,,,,3170.7432203292847,0.0001
383581,1106,225.0,,,,,,,,3174.88423705101,0.0001
383968,1107,675.0,,,,,,,,3179.092620611191,0.0001
384336,1108,250.0,,,,,,,,3183.1562299728394,0.0001
384777,1109,675.0,,,,,,,,3188.0283970832825,0.0001
385194,1110,275.0,,,,,,,,3192.6055855751038,0.0001
385587,1111,575.0,,,,,,,,3196.936812400818,0.0001
385891,1112,100.0,,,,,,,,3200.2744901180267,0.0001
386202,1113,75.0,,,,,,,,3203.676406621933,0.0001
386736,1114,325.0,,,,,,,,3209.491634130478,0.0001
387148,1115,575.0,,,,,,,,3213.979146003723,0.0001
387423,1116,150.0,,,,,,,,3217.0170092582703,0.0001
387756,1117,425.0,,,,,,,,3220.6756088733673,0.0001
388236,1118,825.0,,,,,,,,3226.0004992485046,0.0001
388739,1119,900.0,,,,,,,,3231.5441398620605,0.0001
389019,1120,0.0,,,,,,,,3234.647160768509,0.0001
389418,1121,700.0,,,,,,,,3238.969413995743,0.0001
389894,1122,250.0,,,,,,,,3244.2099134922028,0.0001
390299,1123,275.0,,,,,,,,3248.663425922394,0.0001
390682,1124,350.0,,,,,,,,3252.8588898181915,0.0001
390939,1125,100.0,,,,,,,,3255.7034039497375,0.0001
391313,1126,200.0,,,,,,,,3259.866669654846,0.0001
391667,1127,200.0,,,,,,,,3263.7810955047607,0.0001
391963,1128,150.0,,,,,,,,3267.0459027290344,0.0001
392369,1129,650.0,,,,,,,,3271.5952231884003,0.0001
392662,1130,50.0,,,,,,,,3274.823728084564,0.0001
393190,1131,450.0,,,,,,,,3280.729100704193,0.0001
393494,1132,75.0,,,,,,,,3284.0993099212646,0.0001
393850,1133,475.0,,,,,,,,3288.090831518173,0.0001
394197,1134,200.0,,,,,,,,3291.9636521339417,0.0001
394546,1135,200.0,,,,,,,,3295.795079946518,0.0001
394920,1136,275.0,,,,,,,,3299.9262833595276,0.0001
395317,1137,350.0,,,,,,,,3304.3570578098297,0.0001
395635,1138,150.0,,,,,,,,3307.8404047489166,0.0001
395992,1139,200.0,,,,,,,,3311.771959066391,0.0001
396415,1140,175.0,,,,,,,,3316.4556670188904,0.0001
396750,1141,150.0,,,,,,,,3320.1768028736115,0.0001
397419,1142,950.0,,,,,,,,3327.597423553467,0.0001
397810,1143,575.0,,,,,,,,3331.9355165958405,0.0001
398154,1144,125.0,,,,,,,,3335.7365143299103,0.0001
398620,1145,350.0,,,,,,,,3340.873299598694,0.0001
398936,1146,225.0,,,,,,,,3344.309276342392,0.0001
399579,1147,950.0,,,,,,,,3351.4225964546204,0.0001
400182,1148,900.0,,,,,,,,3357.9828703403473,0.0001
400604,1149,400.0,,,,,,,,3362.665503501892,0.0001
401009,1150,225.0,,,,,,,,3367.1388573646545,0.0001
401484,1151,475.0,,,,,,,,3372.331232070923,0.0001
402018,1152,400.0,,,,,,,,3378.2934894561768,0.0001
402319,1153,225.0,,,,,,,,3381.6556611061096,0.0001
402649,1154,75.0,,,,,,,,3385.3395133018494,0.0001
402980,1155,275.0,,,,,,,,3388.980805158615,0.0001
403280,1156,150.0,,,,,,,,3392.340366601944,0.0001
403657,1157,625.0,,,,,,,,3396.5501832962036,0.0001
403958,1158,175.0,,,,,,,,3399.9027819633484,0.0001
404326,1159,250.0,,,,,,,,3404.016778230667,0.0001
404570,1160,25.0,,,,,,,,3406.7009987831116,0.0001
405048,1161,650.0,,,,,,,,3411.980259180069,0.0001
405409,1162,200.0,,,,,,,,3415.9907813072205,0.0001
405778,1163,550.0,,,,,,,,3420.0839409828186,0.0001
406092,1164,100.0,,,,,,,,3423.525734901428,0.0001
406431,1165,325.0,,,,,,,,3427.3363523483276,0.0001
406782,1166,200.0,,,,,,,,3431.2252280712128,0.0001
407108,1167,175.0,,,,,,,,3434.8304855823517,0.0001
407492,1168,125.0,,,,,,,,3439.1055233478546,0.0001
407760,1169,100.0,,,,,,,,3442.1352524757385,0.0001
408149,1170,275.0,,,,,,,,3446.503493309021,0.0001
408541,1171,175.0,,,,,,,,3450.871724843979,0.0001
408898,1172,250.0,,,,,,,,3454.816915035248,0.0001
409259,1173,175.0,,,,,,,,3458.817170858383,0.0001
409652,1174,300.0,,,,,,,,3463.151214361191,0.0001
410076,1175,300.0,,,,,,,,3467.910814523697,0.0001
410490,1176,325.0,,,,,,,,3472.5635929107666,0.0001
410979,1177,325.0,,,,,,,,3478.0304923057556,0.0001
411402,1178,350.0,,,,,,,,3482.7746460437775,0.0001
411714,1179,100.0,,,,,,,,3486.239461183548,0.0001
412009,1180,75.0,,,,,,,,3489.5240795612335,0.0001
412334,1181,150.0,,,,,,,,3493.08939409256,0.0001
412865,1182,500.0,,,,,,,,3499.004136800766,0.0001
413192,1183,125.0,,,,,,,,3502.592594385147,0.0001
413556,1184,300.0,,,,,,,,3506.6469235420227,0.0001
414099,1185,350.0,,,,,,,,3512.635281085968,0.0001
414687,1186,450.0,,,,,,,,3519.173560857773,0.0001
415150,1187,625.0,,,,,,,,3524.335058927536,0.0001
415612,1188,275.0,,,,,,,,3529.453048467636,0.0001
415905,1189,125.0,,,,,,,,3532.77223443985,0.0001
416251,1190,200.0,,,,,,,,3536.6002085208893,0.0001
416637,1191,575.0,,,,,,,,3540.9474625587463,0.0001
416919,1192,150.0,,,,,,,,3544.0945920944214,0.0001
417236,1193,100.0,,,,,,,,3547.6840510368347,0.0001
417724,1194,350.0,,,,,,,,3553.0376155376434,0.0001
418175,1195,475.0,,,,,,,,3558.059188604355,0.0001
418465,1196,225.0,,,,,,,,3561.3110535144806,0.0001
418831,1197,225.0,,,,,,,,3565.3848962783813,0.0001
419165,1198,200.0,,,,,,,,3569.1128373146057,0.0001
419481,1199,175.0,,,,,,,,3572.6144042015076,0.0001
419804,1200,150.0,,,,,,,,3576.1780230998993,0.0001
420083,1201,0.0,,,,,,,,3579.296770334244,0.0001
420427,1202,250.0,,,,,,,,3583.165992975235,0.0001
420715,1203,25.0,,,,,,,,3586.3639347553253,0.0001
421037,1204,225.0,,,,,,,,3589.9987740516663,0.0001
421406,1205,275.0,,,,,,,,3594.076519012451,0.0001
421747,1206,250.0,,,,,,,,3597.864140033722,0.0001
422092,1207,250.0,,,,,,,,3601.6667201519012,0.0001
422374,1208,25.0,,,,,,,,3604.8629262447357,0.0001
422700,1209,175.0,,,,,,,,3608.4481337070465,0.0001
423147,1210,300.0,,,,,,,,3613.4358763694763,0.0001
423517,1211,150.0,,,,,,,,3617.59693980217,0.0001
423987,1212,775.0,,,,,,,,3622.759536743164,0.0001
424266,1213,0.0,,,,,,,,3625.875382900238,0.0001
424775,1214,400.0,,,,,,,,3631.505833864212,0.0001
425078,1215,125.0,,,,,,,,3634.9262142181396,0.0001
425393,1216,150.0,,,,,,,,3638.469708442688,0.0001
425674,1217,25.0,,,,,,,,3641.612890958786,0.0001
426108,1218,250.0,,,,,,,,3646.48632478714,0.0001
426561,1219,300.0,,,,,,,,3651.5604066848755,0.0001
426981,1220,200.0,,,,,,,,3656.22287607193,0.0001
427471,1221,600.0,,,,,,,,3661.724286556244,0.0001
427895,1222,325.0,,,,,,,,3666.430577278137,0.0001
428500,1223,900.0,,,,,,,,3673.1761417388916,0.0001
428826,1224,100.0,,,,,,,,3676.849694252014,0.0001
429250,1225,325.0,,,,,,,,3681.579563856125,0.0001
429766,1226,775.0,,,,,,,,3687.3509752750397,0.0001
430189,1227,550.0,,,,,,,,3692.094361305237,0.0001
430826,1228,800.0,,,,,,,,3699.127054452896,0.0001
431102,1229,100.0,,,,,,,,3702.1850345134735,0.0001
431438,1230,300.0,,,,,,,,3705.947943210602,0.0001
431977,1231,825.0,,,,,,,,3711.9464254379272,0.0001
432432,1232,250.0,,,,,,,,3717.011606693268,0.0001
432912,1233,350.0,,,,,,,,3722.325843811035,0.0001
433503,1234,375.0,,,,,,,,3728.889381170273,0.0001
433875,1235,275.0,,,,,,,,3733.0310385227203,0.0001
434299,1236,675.0,,,,,,,,3737.712955713272,0.0001
434671,1237,275.0,,,,,,,,3741.884457349777,0.0001
435060,1238,675.0,,,,,,,,3746.209715604782,0.0001
435404,1239,300.0,,,,,,,,3750.0535469055176,0.0001
435707,1240,100.0,,,,,,,,3753.4090163707733,0.0001
436084,1241,250.0,,,,,,,,3757.6192491054535,0.0001
436399,1242,100.0,,,,,,,,3761.0938544273376,0.0001
436972,1243,625.0,,,,,,,,3767.471015691757,0.0001
437282,1244,75.0,,,,,,,,3770.9409902095795,0.0001
437702,1245,275.0,,,,,,,,3775.6003267765045,0.0001
438135,1246,325.0,,,,,,,,3780.403416633606,0.0001
438515,1247,225.0,,,,,,,,3784.6768305301666,0.0001
438976,1248,375.0,,,,,,,,3789.849669456482,0.0001
439316,1249,200.0,,,,,,,,3793.672953605652,0.0001
439672,1250,525.0,,,,,,,,3797.628706216812,0.0001
439988,1251,75.0,,,,,,,,3801.145786046982,0.0001
440507,1252,325.0,,,,,,,,3806.939676761627,0.0001
440901,1253,300.0,,,,,,,,3811.3254075050354,0.0001
441398,1254,475.0,,,,,,,,3816.7692818641663,0.0001
441992,1255,1050.0,,,,,,,,3823.3051702976227,0.0001
442534,1256,425.0,,,,,,,,3829.3756086826324,0.0001
442937,1257,275.0,,,,,,,,3833.8475313186646,0.0001
443373,1258,325.0,,,,,,,,3838.7698266506195,0.0001
443842,1259,275.0,,,,,,,,3844.1008636951447,0.0001
444354,1260,400.0,,,,,,,,3849.8033425807953,0.0001
444693,1261,200.0,,,,,,,,3853.597613096237,0.0001
444992,1262,250.0,,,,,,,,3857.0120441913605,0.0001
445331,1263,175.0,,,,,,,,3860.8402593135834,0.0001
445615,1264,175.0,,,,,,,,3863.9762904644012,0.0001
445920,1265,275.0,,,,,,,,3867.4065663814545,0.0001
446242,1266,175.0,,,,,,,,3871.0170300006866,0.0001
446584,1267,250.0,,,,,,,,3874.7986674308777,0.0001
446971,1268,650.0,,,,,,,,3879.194862127304,0.0001
447489,1269,825.0,,,,,,,,3884.960426568985,0.0001
447799,1270,175.0,,,,,,,,3888.4441685676575,0.0001
448227,1271,650.0,,,,,,,,3893.2058725357056,0.0001
448939,1272,900.0,,,,,,,,3901.1272711753845,0.0001
449236,1273,50.0,,,,,,,,3904.487068414688,0.0001
449695,1274,325.0,,,,,,,,3909.572015762329,0.0001
449983,1275,75.0,,,,,,,,3912.7762265205383,0.0001
450367,1276,200.0,,,,,,,,3917.061810016632,0.0001
450751,1277,450.0,,,,,,,,3921.376698732376,0.0001
451339,1278,425.0,,,,,,,,3927.912899017334,0.0001
451842,1279,300.0,,,,,,,,3933.5280137062073,0.0001
452317,1280,325.0,,,,,,,,3938.855073928833,0.0001
452690,1281,325.0,,,,,,,,3942.993156194687,0.0001
453037,1282,250.0,,,,,,,,3946.8814754486084,0.0001
453338,1283,75.0,,,,,,,,3950.252754211426,0.0001
453658,1284,300.0,,,,,,,,3953.8237688541412,0.0001
454010,1285,100.0,,,,,,,,3957.723659992218,0.0001
454291,1286,100.0,,,,,,,,3960.819080591202,0.0001
454628,1287,150.0,,,,,,,,3964.5888381004333,0.0001
454892,1288,225.0,,,,,,,,3967.58424448967,0.0001
455269,1289,375.0,,,,,,,,3971.8091077804565,0.0001
455624,1290,250.0,,,,,,,,3975.7643723487854,0.0001
456070,1291,275.0,,,,,,,,3980.7674005031586,0.0001
456394,1292,150.0,,,,,,,,3984.3903772830963,0.0001
456762,1293,225.0,,,,,,,,3988.4951071739197,0.0001
457218,1294,400.0,,,,,,,,3993.5564153194427,0.0001
457611,1295,200.0,,,,,,,,3997.971942424774,0.0001
458067,1296,300.0,,,,,,,,4003.167292356491,0.0001
458468,1297,250.0,,,,,,,,4007.7059824466705,0.0001
458844,1298,325.0,,,,,,,,4011.898003578186,0.0001
459359,1299,350.0,,,,,,,,4017.6537375450134,0.0001
459664,1300,200.0,,,,,,,,4021.0664768218994,0.0001
459996,1301,550.0,,,,,,,,4024.7661805152893,0.0001
460393,1302,700.0,,,,,,,,4029.2155170440674,0.0001
460785,1303,550.0,,,,,,,,4033.6404781341553,0.0001
461334,1304,300.0,,,,,,,,4039.8427319526672,0.0001
461994,1305,1200.0,,,,,,,,4047.277312517166,0.0001
462464,1306,275.0,,,,,,,,4052.571433067322,0.0001
462979,1307,300.0,,,,,,,,4058.3624937534332,0.0001
463388,1308,250.0,,,,,,,,4063.0035150051117,0.0001
463714,1309,150.0,,,,,,,,4066.694611310959,0.0001
463995,1310,25.0,,,,,,,,4069.8614909648895,0.0001
464457,1311,375.0,,,,,,,,4075.0304577350616,0.0001
465041,1312,750.0,,,,,,,,4081.515463113785,0.0001
465626,1313,250.0,,,,,,,,4088.151512861252,0.0001
465994,1314,250.0,,,,,,,,4092.249043703079,0.0001
466624,1315,350.0,,,,,,,,4099.230083703995,0.0001
467047,1316,350.0,,,,,,,,4104.0135226249695,0.0001
467512,1317,450.0,,,,,,,,4109.239166736603,0.0001
468030,1318,400.0,,,,,,,,4115.076420307159,0.0001
468370,1319,250.0,,,,,,,,4118.878824234009,0.0001
468724,1320,275.0,,,,,,,,4122.796951055527,0.0001
469125,1321,325.0,,,,,,,,4127.34944319725,0.0001
469591,1322,325.0,,,,,,,,4132.5601987838745,0.0001
470167,1323,325.0,,,,,,,,4139.051943063736,0.0001
470841,1324,450.0,,,,,,,,4146.597598075867,0.0001
471131,1325,200.0,,,,,,,,4149.882201910019,0.0001
471572,1326,350.0,,,,,,,,4154.78958773613,0.0001
471984,1327,200.0,,,,,,,,4159.4423060417175,0.0001
472530,1328,375.0,,,,,,,,4165.580954313278,0.0001
473096,1329,750.0,,,,,,,,4171.909294843674,0.0001
473673,1330,1200.0,,,,,,,,4178.440682172775,0.0001
474048,1331,500.0,,,,,,,,4182.673102140427,0.0001
474403,1332,300.0,,,,,,,,4186.684823513031,0.0001
474994,1333,775.0,,,,,,,,4193.220488548279,0.0001
475425,1334,325.0,,,,,,,,4198.014696836472,0.0001
475884,1335,300.0,,,,,,,,4203.12458896637,0.0001
476158,1336,125.0,,,,,,,,4206.188452005386,0.0001
476622,1337,350.0,,,,,,,,4211.457875490189,0.0001
476983,1338,325.0,,,,,,,,4215.485903739929,0.0001
477290,1339,175.0,,,,,,,,4218.958362817764,0.0001
477666,1340,275.0,,,,,,,,4223.152548551559,0.0001
478124,1341,275.0,,,,,,,,4228.315953731537,0.0001
478473,1342,225.0,,,,,,,,4232.330965518951,0.0001
478746,1343,150.0,,,,,,,,4235.409773111343,0.0001
479227,1344,625.0,,,,,,,,4240.814306497574,0.0001
479539,1345,225.0,,,,,,,,4244.327742099762,0.0001
479940,1346,275.0,,,,,,,,4248.754906654358,0.0001
480410,1347,300.0,,,,,,,,4254.094346046448,0.0001
480743,1348,325.0,,,,,,,,4257.806976079941,0.0001
480988,1349,25.0,,,,,,,,4260.554839849472,0.0001
481423,1350,175.0,,,,,,,,4265.458781242371,0.0001
481931,1351,600.0,,,,,,,,4271.2923855781555,0.0001
482428,1352,425.0,,,,,,,,4276.868560791016,0.0001
482837,1353,700.0,,,,,,,,4281.485435247421,0.0001
483304,1354,700.0,,,,,,,,4286.717394590378,0.0001
483625,1355,200.0,,,,,,,,4290.330729484558,0.0001
484009,1356,200.0,,,,,,,,4294.692012310028,0.0001
484588,1357,400.0,,,,,,,,4301.161967039108,0.0001
484885,1358,225.0,,,,,,,,4304.562589883804,0.0001
485435,1359,650.0,,,,,,,,4310.706795692444,0.0001
485982,1360,425.0,,,,,,,,4316.909136772156,0.0001
486358,1361,300.0,,,,,,,,4321.157772064209,0.0001
486652,1362,50.0,,,,,,,,4324.484485626221,0.0001
487120,1363,375.0,,,,,,,,4329.722551107407,0.0001
487608,1364,225.0,,,,,,,,4335.2040729522705,0.0001
488089,1365,575.0,,,,,,,,4340.748887300491,0.0001
488500,1366,325.0,,,,,,,,4345.416983127594,0.0001
488848,1367,200.0,,,,,,,,4349.362961530685,0.0001
489176,1368,275.0,,,,,,,,4353.044298410416,0.0001
489475,1369,125.0,,,,,,,,4356.4226586818695,0.0001
489863,1370,275.0,,,,,,,,4360.8108994960785,0.0001
490173,1371,225.0,,,,,,,,4364.307396650314,0.0001
490783,1372,725.0,,,,,,,,4371.2095148563385,0.0001
491112,1373,175.0,,,,,,,,4374.893410921097,0.0001
491544,1374,350.0,,,,,,,,4379.795236110687,0.0001
492001,1375,200.0,,,,,,,,4385.0107316970825,0.0001
492490,1376,425.0,,,,,,,,4390.5125868320465,0.0001
493071,1377,425.0,,,,,,,,4397.159670352936,0.0001
493440,1378,200.0,,,,,,,,4401.301629304886,0.0001
493781,1379,175.0,,,,,,,,4405.181360960007,0.0001
494103,1380,150.0,,,,,,,,4408.765094280243,0.0001
494660,1381,425.0,,,,,,,,4415.048868894577,0.0001
495069,1382,325.0,,,,,,,,4419.69047832489,0.0001
495613,1383,375.0,,,,,,,,4425.796696901321,0.0001
496201,1384,725.0,,,,,,,,4432.420005083084,0.0001
496598,1385,200.0,,,,,,,,4436.876932859421,0.0001
497062,1386,350.0,,,,,,,,4442.105487346649,0.0001
497379,1387,100.0,,,,,,,,4445.655700922012,0.0001
497958,1388,500.0,,,,,,,,4452.1713581085205,0.0001
498453,1389,275.0,,,,,,,,4457.790388584137,0.0001
499145,1390,325.0,,,,,,,,4465.657816648483,0.0001
499692,1391,350.0,,,,,,,,4471.793174982071,0.0001
500112,1392,225.0,,,,,,,,4476.563254833221,0.0001
500598,1393,300.0,,,,,,,,4482.039739847183,0.0001
500933,1394,225.0,,,,,,,,4485.85284113884,0.0001
501227,1395,50.0,,,,,,,,4489.145109415054,0.0001
501594,1396,250.0,,,,,,,,4493.278968572617,0.0001
502070,1397,275.0,,,,,,,,4498.673877000809,0.0001
502391,1398,200.0,,,,,,,,4502.246073722839,0.0001
502814,1399,425.0,,,,,,,,4507.0528264045715,0.0001
503208,1400,275.0,,,,,,,,4511.498191356659,0.0001
503621,1401,275.0,,,,,,,,4516.130980968475,0.0001
504018,1402,225.0,,,,,,,,4520.626249790192,0.0001
504806,1403,4350.0,,,,,,,,4529.53245139122,0.0001
505219,1404,250.0,,,,,,,,4534.242661476135,0.0001
505595,1405,250.0,,,,,,,,4538.537604093552,0.0001
506127,1406,450.0,,,,,,,,4544.550320625305,0.0001
506411,1407,200.0,,,,,,,,4547.793749094009,0.0001
506810,1408,275.0,,,,,,,,4552.266809463501,0.0001
507246,1409,325.0,,,,,,,,4557.255663394928,0.0001
507635,1410,600.0,,,,,,,,4561.687069177628,0.0001
507971,1411,75.0,,,,,,,,4565.481829404831,0.0001
508583,1412,350.0,,,,,,,,4572.415416240692,0.0001
509035,1413,550.0,,,,,,,,4577.567005634308,0.0001
509486,1414,300.0,,,,,,,,4582.67640709877,0.0001
509784,1415,200.0,,,,,,,,4586.043177843094,0.0001
510191,1416,375.0,,,,,,,,4590.601167917252,0.0001
510555,1417,175.0,,,,,,,,4594.707358598709,0.0001
511299,1418,425.0,,,,,,,,4603.190773010254,0.0001
511626,1419,125.0,,,,,,,,4606.822247028351,0.0001
512166,1420,450.0,,,,,,,,4613.02620100975,0.0001
512536,1421,225.0,,,,,,,,4617.223459482193,0.0001
513311,1422,400.0,,,,,,,,4626.087425470352,0.0001
513700,1423,250.0,,,,,,,,4630.518968343735,0.0001
514141,1424,325.0,,,,,,,,4635.590758323669,0.0001
514720,1425,750.0,,,,,,,,4642.146156072617,0.0001
515095,1426,250.0,,,,,,,,4646.4184284210205,0.0001
515691,1427,325.0,,,,,,,,4653.177403211594,0.0001
516149,1428,250.0,,,,,,,,4658.362688302994,0.0001
516694,1429,400.0,,,,,,,,4664.495716094971,0.0001
517017,1430,125.0,,,,,,,,4668.152677059174,0.0001
517532,1431,350.0,,,,,,,,4673.933235645294,0.0001
518043,1432,375.0,,,,,,,,4679.674749612808,0.0001
518526,1433,850.0,,,,,,,,4685.141127347946,0.0001
518850,1434,125.0,,,,,,,,4688.83607172966,0.0001
519563,1435,525.0,,,,,,,,4696.848833322525,0.0001
519887,1436,100.0,,,,,,,,4700.576180696487,0.0001
520169,1437,25.0,,,,,,,,4703.774473905563,0.0001
520759,1438,375.0,,,,,,,,4710.48766541481,0.0001
521148,1439,325.0,,,,,,,,4714.9197425842285,0.0001
521573,1440,350.0,,,,,,,,4719.802253484726,0.0001
522035,1441,450.0,,,,,,,,4725.015388727188,0.0001
522500,1442,200.0,,,,,,,,4730.3076803684235,0.0001
522984,1443,275.0,,,,,,,,4735.75617480278,0.0001
523478,1444,275.0,,,,,,,,4741.337951183319,0.0001
523927,1445,250.0,,,,,,,,4746.41176366806,0.0001
524325,1446,325.0,,,,,,,,4750.950744152069,0.0001
524806,1447,350.0,,,,,,,,4756.4681577682495,0.0001
525223,1448,375.0,,,,,,,,4761.1833283901215,0.0001
525685,1449,625.0,,,,,,,,4766.504177808762,0.0001
526049,1450,300.0,,,,,,,,4770.659254312515,0.0001
526363,1451,150.0,,,,,,,,4774.294825792313,0.0001
527000,1452,800.0,,,,,,,,4781.469151496887,0.0001
527661,1453,375.0,,,,,,,,4789.025849819183,0.0001
528022,1454,175.0,,,,,,,,4793.119615077972,0.0001
528421,1455,500.0,,,,,,,,4797.655804634094,0.0001
528711,1456,50.0,,,,,,,,4800.937114953995,0.0001
529091,1457,175.0,,,,,,,,4805.320885419846,0.0001
529873,1458,975.0,,,,,,,,4814.169992685318,0.0001
530275,1459,700.0,,,,,,,,4818.724615812302,0.0001
530659,1460,275.0,,,,,,,,4823.107965707779,0.0001
530986,1461,475.0,,,,,,,,4826.810178041458,0.0001
531565,1462,300.0,,,,,,,,4833.3621118068695,0.0001
531948,1463,175.0,,,,,,,,4837.736082315445,0.0001
532474,1464,675.0,,,,,,,,4843.726780414581,0.0001
533060,1465,375.0,,,,,,,,4850.385174274445,0.0001
533658,1466,375.0,,,,,,,,4857.331716299057,0.0001
534041,1467,350.0,,,,,,,,4861.6506061553955,0.0001
534775,1468,925.0,,,,,,,,4869.939039230347,0.0001
535200,1469,325.0,,,,,,,,4874.785161733627,0.0001
535803,1470,750.0,,,,,,,,4881.705203771591,0.0001
536255,1471,300.0,,,,,,,,4886.840091943741,0.0001
536857,1472,425.0,,,,,,,,4893.691703796387,0.0001
537373,1473,775.0,,,,,,,,4899.509076356888,0.0001
538128,1474,1000.0,,,,,,,,4908.103364229202,0.0001
538662,1475,400.0,,,,,,,,4914.200885295868,0.0001
539046,1476,225.0,,,,,,,,4918.628277540207,0.0001
539553,1477,350.0,,,,,,,,4924.412414312363,0.0001
540135,1478,450.0,,,,,,,,4931.040732145309,0.0001
540678,1479,450.0,,,,,,,,4937.2406940460205,0.0001
541075,1480,225.0,,,,,,,,4941.796639919281,0.0001
541586,1481,175.0,,,,,,,,4947.642863035202,0.0001
542184,1482,425.0,,,,,,,,4954.412360191345,0.0001
542584,1483,500.0,,,,,,,,4958.898997783661,0.0001
542920,1484,150.0,,,,,,,,4962.696786165237,0.0001
543392,1485,750.0,,,,,,,,4968.066133022308,0.0001
544067,1486,675.0,,,,,,,,4975.776617765427,0.0001
544399,1487,175.0,,,,,,,,4979.575859308243,0.0001
544868,1488,675.0,,,,,,,,4984.851679801941,0.0001
545540,1489,450.0,,,,,,,,4992.502069234848,0.0001
545863,1490,175.0,,,,,,,,4996.2065443992615,0.0001
546363,1491,350.0,,,,,,,,5001.903066158295,0.0001
546807,1492,225.0,,,,,,,,5006.975186109543,0.0001
547523,1493,900.0,,,,,,,,5015.23178935051,0.0001
547884,1494,225.0,,,,,,,,5019.308256864548,0.0001
548237,1495,125.0,,,,,,,,5023.396257638931,0.0001
548576,1496,275.0,,,,,,,,5027.239845991135,0.0001
549089,1497,275.0,,,,,,,,5033.141222715378,0.0001
549530,1498,550.0,,,,,,,,5038.202936887741,0.0001
549924,1499,225.0,,,,,,,,5042.665653705597,0.0001
550696,1500,1325.0,,,,,,,,5051.511461496353,0.0001
551323,1501,500.0,,,,,,,,5058.713007926941,0.0001
551738,1502,675.0,,,,,,,,5063.501037597656,0.0001
552258,1503,650.0,,,,,,,,5069.433535575867,0.0001
552624,1504,275.0,,,,,,,,5073.59206366539,0.0001
553171,1505,750.0,,,,,,,,5079.8314373493195,0.0001
553771,1506,500.0,,,,,,,,5086.655873060226,0.0001
554143,1507,350.0,,,,,,,,5090.923936367035,0.0001
554503,1508,250.0,,,,,,,,5094.9905834198,0.0001
555017,1509,200.0,,,,,,,,5100.8269963264465,0.0001
555445,1510,325.0,,,,,,,,5105.721127033234,0.0001
555913,1511,325.0,,,,,,,,5111.094706296921,0.0001
556323,1512,200.0,,,,,,,,5115.794312953949,0.0001
556609,1513,150.0,,,,,,,,5119.056773900986,0.0001
557013,1514,250.0,,,,,,,,5123.705696344376,0.0001
557335,1515,125.0,,,,,,,,5127.376900196075,0.0001
557577,1516,50.0,,,,,,,,5130.159426212311,0.0001
557951,1517,200.0,,,,,,,,5134.385019302368,0.0001
558373,1518,650.0,,,,,,,,5139.240631341934,0.0001
558916,1519,450.0,,,,,,,,5145.403595685959,0.0001
559199,1520,100.0,,,,,,,,5148.610233783722,0.0001
559664,1521,500.0,,,,,,,,5153.9332411289215,0.0001
560086,1522,325.0,,,,,,,,5158.824379205704,0.0001
560595,1523,550.0,,,,,,,,5164.657095193863,0.0001
561070,1524,300.0,,,,,,,,5170.133946180344,0.0001
561681,1525,625.0,,,,,,,,5177.212315320969,0.0001
562101,1526,350.0,,,,,,,,5182.043300151825,0.0001
562602,1527,325.0,,,,,,,,5187.818620443344,0.0001
563026,1528,225.0,,,,,,,,5192.669432640076,0.0001
563518,1529,350.0,,,,,,,,5198.318510770798,0.0001
563910,1530,375.0,,,,,,,,5202.823059797287,0.0001
564273,1531,225.0,,,,,,,,5207.018860340118,0.0001
564928,1532,225.0,,,,,,,,5214.591001987457,0.0001
565368,1533,275.0,,,,,,,,5219.656009674072,0.0001
565718,1534,550.0,,,,,,,,5223.721067905426,0.0001
566134,1535,250.0,,,,,,,,5228.525173664093,0.0001
566622,1536,350.0,,,,,,,,5234.139575242996,0.0001
567061,1537,400.0,,,,,,,,5239.119959115982,0.0001
567612,1538,650.0,,,,,,,,5245.379146814346,0.0001
568032,1539,275.0,,,,,,,,5250.188855648041,0.0001
568436,1540,325.0,,,,,,,,5254.845371007919,0.0001
568826,1541,250.0,,,,,,,,5259.37108373642,0.0001
569419,1542,325.0,,,,,,,,5266.174813747406,0.0001
570237,1543,1275.0,,,,,,,,5275.594216823578,0.0001
570635,1544,375.0,,,,,,,,5280.1054446697235,0.0001
571200,1545,450.0,,,,,,,,5286.528015613556,0.0001
571800,1546,850.0,,,,,,,,5293.426915884018,0.0001
572326,1547,625.0,,,,,,,,5299.477020025253,0.0001
572825,1548,375.0,,,,,,,,5305.196154356003,0.0001
573086,1549,100.0,,,,,,,,5308.20251750946,0.0001
573592,1550,1025.0,,,,,,,,5314.002742052078,0.0001
573894,1551,100.0,,,,,,,,5317.501955509186,0.0001
574426,1552,300.0,,,,,,,,5323.609214544296,0.0001
574789,1553,475.0,,,,,,,,5327.815311670303,0.0001
575242,1554,300.0,,,,,,,,5332.93873667717,0.0001
575775,1555,700.0,,,,,,,,5339.071985721588,0.0001
576308,1556,600.0,,,,,,,,5345.139521121979,0.0001
576800,1557,250.0,,,,,,,,5350.815477609634,0.0001
577204,1558,575.0,,,,,,,,5355.467803955078,0.0001
577795,1559,525.0,,,,,,,,5362.232782125473,0.0001
578188,1560,175.0,,,,,,,,5366.755655288696,0.0001
578586,1561,150.0,,,,,,,,5371.311491012573,0.0001
579092,1562,175.0,,,,,,,,5377.07547044754,0.0001
579478,1563,525.0,,,,,,,,5381.55180978775,0.0001
580070,1564,325.0,,,,,,,,5388.3258934021,0.0001
580938,1565,575.0,,,,,,,,5398.249040842056,0.0001
581312,1566,325.0,,,,,,,,5402.527368068695,0.0001
581875,1567,400.0,,,,,,,,5408.9672338962555,0.0001
582447,1568,400.0,,,,,,,,5415.543923854828,0.0001
582849,1569,625.0,,,,,,,,5420.17839217186,0.0001
583469,1570,800.0,,,,,,,,5427.388171672821,0.0001
583829,1571,525.0,,,,,,,,5431.600038766861,0.0001
584513,1572,425.0,,,,,,,,5439.321246385574,0.0001
585064,1573,850.0,,,,,,,,5445.422416687012,0.0001
585462,1574,125.0,,,,,,,,5449.847452402115,0.0001
585933,1575,250.0,,,,,,,,5455.122277259827,0.0001
586439,1576,425.0,,,,,,,,5460.827488422394,0.0001
586867,1577,275.0,,,,,,,,5465.68505525589,0.0001
587278,1578,375.0,,,,,,,,5470.281189918518,0.0001
587597,1579,200.0,,,,,,,,5473.879046678543,0.0001
587998,1580,325.0,,,,,,,,5478.356854438782,0.0001
588317,1581,75.0,,,,,,,,5481.925913333893,0.0001
588573,1582,75.0,,,,,,,,5484.856796264648,0.0001
589064,1583,625.0,,,,,,,,5490.34680223465,0.0001
589395,1584,150.0,,,,,,,,5494.101117134094,0.0001
589733,1585,325.0,,,,,,,,5497.885919094086,0.0001
590426,1586,500.0,,,,,,,,5505.681816577911,0.0001
590934,1587,625.0,,,,,,,,5511.505479335785,0.0001
591414,1588,700.0,,,,,,,,5516.968386173248,0.0001
591767,1589,250.0,,,,,,,,5520.899397134781,0.0001
592075,1590,150.0,,,,,,,,5524.345685720444,0.0001
592582,1591,300.0,,,,,,,,5530.14398932457,0.0001
592916,1592,175.0,,,,,,,,5533.89815735817,0.0001
593518,1593,900.0,,,,,,,,5540.703026771545,0.0001
593958,1594,300.0,,,,,,,,5545.644173622131,0.0001
594396,1595,225.0,,,,,,,,5550.583873748779,0.0001
595003,1596,425.0,,,,,,,,5557.540045976639,0.0001
595361,1597,200.0,,,,,,,,5561.690937995911,0.0001
595651,1598,225.0,,,,,,,,5565.0470378398895,0.0001
596251,1599,900.0,,,,,,,,5571.963409423828,0.0001
596635,1600,300.0,,,,,,,,5576.407178878784,0.0001
596870,1601,25.0,,,,,,,,5579.103846549988,0.0001
597421,1602,400.0,,,,,,,,5585.44980096817,0.0001
597964,1603,650.0,,,,,,,,5591.78711271286,0.0001
598344,1604,200.0,,,,,,,,5596.208717823029,0.0001
598801,1605,325.0,,,,,,,,5601.503795385361,0.0001
599131,1606,125.0,,,,,,,,5605.317756175995,0.0001
599443,1607,200.0,,,,,,,,5609.000001907349,0.0001
600026,1608,650.0,,,,,,,,5615.754878282547,0.0001
600470,1609,375.0,,,,,,,,5620.948923587799,0.0001
600957,1610,325.0,,,,,,,,5626.497468948364,0.0001
601400,1611,250.0,,,,,,,,5631.51266336441,0.0001
601951,1612,300.0,,,,,,,,5637.849526166916,0.0001
602325,1613,325.0,,,,,,,,5642.16289973259,0.0001
602670,1614,200.0,,,,,,,,5646.03394985199,0.0001
603083,1615,225.0,,,,,,,,5650.697803735733,0.0001
603529,1616,300.0,,,,,,,,5655.797840595245,0.0001
603826,1617,75.0,,,,,,,,5659.271486997604,0.0001
604170,1618,175.0,,,,,,,,5663.23427605629,0.0001
604603,1619,325.0,,,,,,,,5668.148437023163,0.0001
605164,1620,800.0,,,,,,,,5674.643562793732,0.0001
605456,1621,175.0,,,,,,,,5678.021753072739,0.0001
605741,1622,25.0,,,,,,,,5681.333101987839,0.0001
606685,1623,1000.0,,,,,,,,5692.258239984512,0.0001
607183,1624,300.0,,,,,,,,5697.98922252655,0.0001
607658,1625,375.0,,,,,,,,5703.496134996414,0.0001
608208,1626,375.0,,,,,,,,5709.862637519836,0.0001
608505,1627,75.0,,,,,,,,5713.375374794006,0.0001
609224,1628,925.0,,,,,,,,5721.6769642829895,0.0001
609608,1629,300.0,,,,,,,,5726.1034100055695,0.0001
610124,1630,400.0,,,,,,,,5731.934671878815,0.0001
610559,1631,425.0,,,,,,,,5737.0020842552185,0.0001
611095,1632,350.0,,,,,,,,5743.224252700806,0.0001
611466,1633,350.0,,,,,,,,5747.502334594727,0.0001
611778,1634,100.0,,,,,,,,5751.060267686844,0.0001
612430,1635,750.0,,,,,,,,5758.674365997314,0.0001
613152,1636,450.0,,,,,,,,5766.961519241333,0.0001
613575,1637,200.0,,,,,,,,5771.832706212997,0.0001
614172,1638,400.0,,,,,,,,5778.678293704987,0.0001
614548,1639,400.0,,,,,,,,5783.017814159393,0.0001
615008,1640,275.0,,,,,,,,5788.361266851425,0.0001
615449,1641,350.0,,,,,,,,5793.495949745178,0.0001
615910,1642,375.0,,,,,,,,5798.824278354645,0.0001
616305,1643,200.0,,,,,,,,5803.428367137909,0.0001
616961,1644,375.0,,,,,,,,5811.031092643738,0.0001
617459,1645,300.0,,,,,,,,5816.837440729141,0.0001
617867,1646,175.0,,,,,,,,5821.570502996445,0.0001
618460,1647,450.0,,,,,,,,5828.445580244064,0.0001
618963,1648,175.0,,,,,,,,5834.284086227417,0.0001
619599,1649,900.0,,,,,,,,5841.673458337784,0.0001
620392,1650,1300.0,,,,,,,,5850.816348075867,0.0001
621044,1651,475.0,,,,,,,,5858.34513258934,0.0001
621325,1652,150.0,,,,,,,,5861.615731477737,0.0001
621611,1653,25.0,,,,,,,,5864.946778059006,0.0001
622012,1654,275.0,,,,,,,,5869.609201192856,0.0001
622506,1655,350.0,,,,,,,,5875.334658622742,0.0001
622948,1656,150.0,,,,,,,,5880.476616859436,0.0001
623486,1657,825.0,,,,,,,,5886.671676874161,0.0001
623898,1658,725.0,,,,,,,,5891.456914186478,0.0001
624486,1659,700.0,,,,,,,,5898.194170951843,0.0001
625323,1660,350.0,,,,,,,,5907.915404081345,0.0001
625981,1661,400.0,,,,,,,,5915.564888000488,0.0001
626654,1662,400.0,,,,,,,,5923.365230798721,0.0001
627247,1663,350.0,,,,,,,,5930.241033554077,0.0001
627866,1664,825.0,,,,,,,,5937.4241507053375,0.0001
628342,1665,275.0,,,,,,,,5942.894194841385,0.0001
628693,1666,200.0,,,,,,,,5946.9768714904785,0.0001
629124,1667,300.0,,,,,,,,5951.954875469208,0.0001
629443,1668,250.0,,,,,,,,5955.694406509399,0.0001
629753,1669,225.0,,,,,,,,5959.301963329315,0.0001
630300,1670,250.0,,,,,,,,5965.609218835831,0.0001
630720,1671,250.0,,,,,,,,5970.4798312187195,0.0001
631267,1672,475.0,,,,,,,,5976.84520816803,0.0001
631653,1673,225.0,,,,,,,,5981.3420586586,0.0001
632016,1674,200.0,,,,,,,,5985.514411687851,0.0001
632640,1675,1175.0,,,,,,,,5992.778762578964,0.0001
633339,1676,975.0,,,,,,,,6000.953608989716,0.0001
633997,1677,300.0,,,,,,,,6008.624483823776,0.0001
634456,1678,300.0,,,,,,,,6013.911980867386,0.0001
635067,1679,825.0,,,,,,,,6021.013981342316,0.0001
635608,1680,350.0,,,,,,,,6027.262009143829,0.0001
636154,1681,850.0,,,,,,,,6033.521823644638,0.0001
636539,1682,600.0,,,,,,,,6037.985879659653,0.0001
637073,1683,275.0,,,,,,,,6044.125464916229,0.0001
637932,1684,950.0,,,,,,,,6054.232848882675,0.0001
638491,1685,400.0,,,,,,,,6060.689111471176,0.0001
638954,1686,450.0,,,,,,,,6066.076625823975,0.0001
639570,1687,350.0,,,,,,,,6073.16357421875,0.0001
640055,1688,400.0,,,,,,,,6078.788346290588,0.0001
640613,1689,775.0,,,,,,,,6085.255103588104,0.0001
641141,1690,375.0,,,,,,,,6091.417558193207,0.0001
641775,1691,675.0,,,,,,,,6098.801691055298,0.0001
642482,1692,700.0,,,,,,,,6107.021489620209,0.0001
642935,1693,225.0,,,,,,,,6112.187318563461,0.0001
643291,1694,250.0,,,,,,,,6116.2919363975525,0.0001
643602,1695,125.0,,,,,,,,6119.944532155991,0.0001
644196,1696,350.0,,,,,,,,6126.8292355537415,0.0001
644574,1697,225.0,,,,,,,,6131.2561094760895,0.0001
644994,1698,300.0,,,,,,,,6136.085495710373,0.0001
645586,1699,800.0,,,,,,,,6142.994420051575,0.0001
646208,1700,375.0,,,,,,,,6150.166672706604,0.0001
646517,1701,200.0,,,,,,,,6153.8286809921265,0.0001
646824,1702,125.0,,,,,,,,6157.424366950989,0.0001
647148,1703,175.0,,,,,,,,6161.1890869140625,0.0001
647696,1704,300.0,,,,,,,,6167.55176281929,0.0001
648194,1705,350.0,,,,,,,,6173.456535816193,0.0001
648560,1706,175.0,,,,,,,,6177.722775220871,0.0001
649070,1707,325.0,,,,,,,,6183.67098236084,0.0001
649919,1708,550.0,,,,,,,,6193.546528339386,0.0001
650371,1709,350.0,,,,,,,,6198.853687047958,0.0001
650760,1710,150.0,,,,,,,,6203.381560325623,0.0001
651129,1711,225.0,,,,,,,,6207.675831794739,0.0001
651683,1712,900.0,,,,,,,,6214.115729093552,0.0001
652064,1713,550.0,,,,,,,,6218.547911167145,0.0001
652460,1714,225.0,,,,,,,,6223.135334014893,0.0001
652790,1715,150.0,,,,,,,,6226.971638679504,0.0001
653396,1716,300.0,,,,,,,,6233.979807376862,0.0001
653882,1717,875.0,,,,,,,,6239.640232086182,0.0001
654439,1718,425.0,,,,,,,,6246.069924116135,0.0001
654964,1719,450.0,,,,,,,,6252.24405837059,0.0001
655365,1720,175.0,,,,,,,,6256.914885759354,0.0001
655824,1721,300.0,,,,,,,,6262.191829204559,0.0001
656315,1722,400.0,,,,,,,,6267.913525819778,0.0001
656895,1723,275.0,,,,,,,,6274.669743537903,0.0001
657247,1724,350.0,,,,,,,,6278.759021997452,0.0001
657862,1725,1200.0,,,,,,,,6285.903598070145,0.0001
658494,1726,275.0,,,,,,,,6293.2595846652985,0.0001
658950,1727,275.0,,,,,,,,6298.582801580429,0.0001
659234,1728,25.0,,,,,,,,6301.936325788498,0.0001
659733,1729,375.0,,,,,,,,6307.758550405502,0.0001
660043,1730,75.0,,,,,,,,6311.334557294846,0.0001
660800,1731,825.0,,,,,,,,6320.1556005477905,0.0001
661372,1732,700.0,,,,,,,,6326.853810071945,0.0001
662039,1733,925.0,,,,,,,,6334.639950752258,0.0001
662652,1734,350.0,,,,,,,,6341.749779701233,0.0001
663231,1735,700.0,,,,,,,,6348.4780213832855,0.0001
663762,1736,475.0,,,,,,,,6354.699167728424,0.0001
664393,1737,400.0,,,,,,,,6362.000004291534,0.0001
664918,1738,400.0,,,,,,,,6368.185586929321,0.0001
665489,1739,775.0,,,,,,,,6374.917966365814,0.0001
665983,1740,400.0,,,,,,,,6380.697750091553,0.0001
666393,1741,300.0,,,,,,,,6385.555207490921,0.0001
666879,1742,875.0,,,,,,,,6391.207120895386,0.0001
667231,1743,250.0,,,,,,,,6395.3792543411255,0.0001
667806,1744,325.0,,,,,,,,6402.141872882843,0.0001
668367,1745,475.0,,,,,,,,6408.706428289413,0.0001
668855,1746,825.0,,,,,,,,6414.4221613407135,0.0001
669561,1747,325.0,,,,,,,,6422.608839273453,0.0001
670048,1748,300.0,,,,,,,,6428.290816068649,0.0001
670788,1749,1000.0,,,,,,,,6436.960928201675,0.0001
671283,1750,225.0,,,,,,,,6442.838398218155,0.0001
671716,1751,300.0,,,,,,,,6447.9128658771515,0.0001
672295,1752,725.0,,,,,,,,6454.678786039352,0.0001
672835,1753,250.0,,,,,,,,6461.101763248444,0.0001
673547,1754,700.0,,,,,,,,6469.415751695633,0.0001
674095,1755,325.0,,,,,,,,6475.806178331375,0.0001
674737,1756,900.0,,,,,,,,6483.273392915726,0.0001
675102,1757,275.0,,,,,,,,6487.541164159775,0.0001
675582,1758,250.0,,,,,,,,6493.199122428894,0.0001
676091,1759,375.0,,,,,,,,6499.206287145615,0.0001
676667,1760,600.0,,,,,,,,6505.871079683304,0.0001
677185,1761,200.0,,,,,,,,6511.971752405167,0.0001
677581,1762,250.0,,,,,,,,6516.648453474045,0.0001
677933,1763,225.0,,,,,,,,6520.776880502701,0.0001
678473,1764,600.0,,,,,,,,6527.062877178192,0.0001
679059,1765,350.0,,,,,,,,6533.857516288757,0.0001
679805,1766,850.0,,,,,,,,6542.64149928093,0.0001
680097,1767,50.0,,,,,,,,6546.046922445297,0.0001
680597,1768,275.0,,,,,,,,6551.896489858627,0.0001
681250,1769,475.0,,,,,,,,6559.586049556732,0.0001
681694,1770,450.0,,,,,,,,6564.776639699936,0.0001
682269,1771,550.0,,,,,,,,6571.504618644714,0.0001
682625,1772,50.0,,,,,,,,6575.678519487381,0.0001
683088,1773,275.0,,,,,,,,6581.097061157227,0.0001
683633,1774,500.0,,,,,,,,6587.537550210953,0.0001
684187,1775,350.0,,,,,,,,6594.070360660553,0.0001
684600,1776,275.0,,,,,,,,6598.902122497559,0.0001
684899,1777,150.0,,,,,,,,6602.418112039566,0.0001
685455,1778,400.0,,,,,,,,6608.998262882233,0.0001
685972,1779,375.0,,,,,,,,6615.043181180954,0.0001
686282,1780,175.0,,,,,,,,6618.707619905472,0.0001
686995,1781,525.0,,,,,,,,6627.1211948394775,0.0001
687616,1782,375.0,,,,,,,,6634.298838853836,0.0001
687991,1783,250.0,,,,,,,,6638.677917957306,0.0001
688466,1784,350.0,,,,,,,,6644.296167612076,0.0001
688963,1785,225.0,,,,,,,,6650.104555606842,0.0001
689633,1786,425.0,,,,,,,,6658.040573358536,0.0001
690128,1787,550.0,,,,,,,,6663.812602519989,0.0001
690709,1788,675.0,,,,,,,,6670.642801761627,0.0001
691221,1789,475.0,,,,,,,,6676.696615934372,0.0001
691700,1790,350.0,,,,,,,,6682.278516054153,0.0001
692096,1791,225.0,,,,,,,,6686.920426607132,0.0001
692411,1792,425.0,,,,,,,,6690.6182198524475,0.0001
692899,1793,375.0,,,,,,,,6696.370650291443,0.0001
693604,1794,400.0,,,,,,,,6704.61284160614,0.0001
693946,1795,175.0,,,,,,,,6708.661490440369,0.0001
694475,1796,275.0,,,,,,,,6714.850568532944,0.0001
695163,1797,650.0,,,,,,,,6723.013455152512,0.0001
695717,1798,250.0,,,,,,,,6729.54523730278,0.0001
696235,1799,325.0,,,,,,,,6735.5938267707825,0.0001
696659,1800,275.0,,,,,,,,6740.608749628067,0.0001
697239,1801,850.0,,,,,,,,6747.444202423096,0.0001
697937,1802,850.0,,,,,,,,6755.702929496765,0.0001
698523,1803,850.0,,,,,,,,6762.565643787384,0.0001
698931,1804,275.0,,,,,,,,6767.425634860992,0.0001
699383,1805,300.0,,,,,,,,6772.708705663681,0.0001
699819,1806,375.0,,,,,,,,6777.895628929138,0.0001
700396,1807,700.0,,,,,,,,6784.621519088745,0.0001
700817,1808,250.0,,,,,,,,6789.609528303146,0.0001
701349,1809,350.0,,,,,,,,6795.904984474182,0.0001
701678,1810,125.0,,,,,,,,6799.764636516571,0.0001
702258,1811,375.0,,,,,,,,6806.601118087769,0.0001
702878,1812,775.0,,,,,,,,6813.894321918488,0.0001
703442,1813,875.0,,,,,,,,6820.547070980072,0.0001
704126,1814,450.0,,,,,,,,6828.565503358841,0.0001
704482,1815,450.0,,,,,,,,6832.78603386879,0.0001
704925,1816,575.0,,,,,,,,6837.99184179306,0.0001
705198,1817,175.0,,,,,,,,6841.243655920029,0.0001
705868,1818,375.0,,,,,,,,6849.085952043533,0.0001
706357,1819,925.0,,,,,,,,6854.875792503357,0.0001
706834,1820,425.0,,,,,,,,6860.4698095321655,0.0001
707481,1821,750.0,,,,,,,,6868.082738637924,0.0001
708021,1822,275.0,,,,,,,,6874.482659101486,0.0001
708753,1823,450.0,,,,,,,,6883.117611169815,0.0001
709379,1824,425.0,,,,,,,,6890.501078605652,0.0001
709665,1825,125.0,,,,,,,,6893.892414093018,0.0001
710304,1826,850.0,,,,,,,,6901.43123292923,0.0001
710875,1827,350.0,,,,,,,,6908.093493461609,0.0001
711364,1828,275.0,,,,,,,,6913.844547510147,0.0001
711790,1829,300.0,,,,,,,,6918.889596700668,0.0001
712424,1830,375.0,,,,,,,,6926.326498031616,0.0001
712910,1831,400.0,,,,,,,,6932.027753829956,0.0001
713493,1832,325.0,,,,,,,,6938.931537389755,0.0001
714041,1833,925.0,,,,,,,,6945.384434461594,0.0001
714829,1834,950.0,,,,,,,,6954.636251211166,0.0001
715135,1835,250.0,,,,,,,,6958.264810085297,0.0001
715488,1836,350.0,,,,,,,,6962.430231809616,0.0001
716063,1837,750.0,,,,,,,,6969.265659093857,0.0001
716616,1838,850.0,,,,,,,,6975.779387950897,0.0001
717269,1839,500.0,,,,,,,,6983.523338794708,0.0001
717692,1840,200.0,,,,,,,,6988.4147889614105,0.0001
718207,1841,225.0,,,,,,,,6994.538567781448,0.0001
719046,1842,1275.0,,,,,,,,7004.430869579315,0.0001
719459,1843,275.0,,,,,,,,7009.3076548576355,0.0001
719861,1844,325.0,,,,,,,,7014.079060316086,0.0001
720496,1845,875.0,,,,,,,,7021.550165176392,0.0001
720872,1846,150.0,,,,,,,,7025.977385759354,0.0001
721343,1847,350.0,,,,,,,,7031.609284162521,0.0001
721715,1848,250.0,,,,,,,,7036.04070687294,0.0001
722224,1849,375.0,,,,,,,,7041.991074800491,0.0001
722930,1850,675.0,,,,,,,,7050.310271501541,0.0001
723632,1851,450.0,,,,,,,,7058.595118522644,0.0001
724299,1852,400.0,,,,,,,,7066.55610370636,0.0001
724786,1853,225.0,,,,,,,,7072.3250477313995,0.0001
725294,1854,400.0,,,,,,,,7078.324605703354,0.0001
725836,1855,450.0,,,,,,,,7084.720548868179,0.0001
726199,1856,300.0,,,,,,,,7089.005526065826,0.0001
726735,1857,700.0,,,,,,,,7095.367357492447,0.0001
727328,1858,425.0,,,,,,,,7102.357647657394,0.0001
727783,1859,725.0,,,,,,,,7107.733288764954,0.0001
728637,1860,600.0,,,,,,,,7117.753000736237,0.0001
729244,1861,1225.0,,,,,,,,7124.917251825333,0.0001
729771,1862,450.0,,,,,,,,7131.166438579559,0.0001
730139,1863,300.0,,,,,,,,7135.58164024353,0.0001
730848,1864,475.0,,,,,,,,7144.00664639473,0.0001
731344,1865,350.0,,,,,,,,7149.938628196716,0.0001
731886,1866,350.0,,,,,,,,7156.340016841888,0.0001
732253,1867,250.0,,,,,,,,7160.71652340889,0.0001
732963,1868,925.0,,,,,,,,7169.1200914382935,0.0001
733340,1869,175.0,,,,,,,,7173.569356203079,0.0001
734006,1870,725.0,,,,,,,,7181.52650141716,0.0001
734442,1871,675.0,,,,,,,,7186.688182353973,0.0001
735086,1872,850.0,,,,,,,,7194.3233294487,0.0001
735605,1873,925.0,,,,,,,,7200.463321208954,0.0001
736183,1874,700.0,,,,,,,,7207.297192811966,0.0001
736814,1875,875.0,,,,,,,,7214.796466350555,0.0001
737539,1876,300.0,,,,,,,,7223.32438325882,0.0001
737970,1877,150.0,,,,,,,,7228.386208295822,0.0001
738446,1878,175.0,,,,,,,,7233.994310617447,0.0001
739024,1879,350.0,,,,,,,,7240.7961230278015,0.0001
739355,1880,250.0,,,,,,,,7244.767263650894,0.0001
739696,1881,350.0,,,,,,,,7248.787992477417,0.0001
740117,1882,275.0,,,,,,,,7253.814846754074,0.0001
740534,1883,250.0,,,,,,,,7258.787058591843,0.0001
741022,1884,725.0,,,,,,,,7264.618201971054,0.0001
741581,1885,450.0,,,,,,,,7271.211337089539,0.0001
742182,1886,800.0,,,,,,,,7278.3365824222565,0.0001
742708,1887,375.0,,,,,,,,7284.568450450897,0.0001
743179,1888,300.0,,,,,,,,7290.195575237274,0.0001
743816,1889,450.0,,,,,,,,7297.768435716629,0.0001
744311,1890,700.0,,,,,,,,7303.738604545593,0.0001
744980,1891,775.0,,,,,,,,7311.638364076614,0.0001
745546,1892,225.0,,,,,,,,7318.359656572342,0.0001
746231,1893,675.0,,,,,,,,7326.4111313819885,0.0001
746688,1894,325.0,,,,,,,,7331.869157075882,0.0001
747134,1895,675.0,,,,,,,,7337.201043844223,0.0001
747739,1896,250.0,,,,,,,,7344.342527389526,0.0001
748310,1897,350.0,,,,,,,,7351.079716682434,0.0001
748905,1898,400.0,,,,,,,,7358.175920009613,0.0001
749340,1899,375.0,,,,,,,,7363.354969739914,0.0001
749754,1900,375.0,,,,,,,,7368.310224533081,0.0001
750084,1901,150.0,,,,,,,,7372.23299741745,0.0001
750894,1902,875.0,,,,,,,,7381.930632829666,0.0001
751526,1903,725.0,,,,,,,,7389.3974323272705,0.0001
752088,1904,350.0,,,,,,,,7396.06175661087,0.0001
752753,1905,475.0,,,,,,,,7404.001791477203,0.0001
753410,1906,450.0,,,,,,,,7411.831572771072,0.0001
754064,1907,375.0,,,,,,,,7419.565646886826,0.0001
754721,1908,325.0,,,,,,,,7427.419409036636,0.0001
755445,1909,900.0,,,,,,,,7436.1050760746,0.0001
755970,1910,1200.0,,,,,,,,7442.355801582336,0.0001
756578,1911,425.0,,,,,,,,7449.605026960373,0.0001
757078,1912,300.0,,,,,,,,7455.533784151077,0.0001
757661,1913,750.0,,,,,,,,7462.477284908295,0.0001
758327,1914,950.0,,,,,,,,7470.359351158142,0.0001
758985,1915,400.0,,,,,,,,7478.161370277405,0.0001
759427,1916,225.0,,,,,,,,7483.424845695496,0.0001
759807,1917,125.0,,,,,,,,7487.949152469635,0.0001
760221,1918,275.0,,,,,,,,7492.8999400138855,0.0001
760795,1919,850.0,,,,,,,,7499.516562700272,0.0001
761331,1920,575.0,,,,,,,,7505.762175559998,0.0001
761924,1921,450.0,,,,,,,,7512.647877216339,0.0001
762231,1922,125.0,,,,,,,,7516.175562381744,0.0001
762969,1923,525.0,,,,,,,,7524.777619600296,0.0001
763413,1924,225.0,,,,,,,,7529.936718940735,0.0001
763957,1925,325.0,,,,,,,,7536.198625802994,0.0001
764890,1926,925.0,,,,,,,,7546.961277484894,0.0001
765544,1927,700.0,,,,,,,,7554.49191904068,0.0001
766024,1928,375.0,,,,,,,,7560.101453781128,0.0001
766616,1929,350.0,,,,,,,,7567.045992851257,0.0001
767318,1930,400.0,,,,,,,,7575.240461349487,0.0001
767717,1931,250.0,,,,,,,,7579.938558340073,0.0001
768163,1932,325.0,,,,,,,,7585.102879047394,0.0001
768744,1933,425.0,,,,,,,,7591.86793422699,0.0001
769162,1934,450.0,,,,,,,,7596.73903131485,0.0001
769764,1935,400.0,,,,,,,,7603.709355831146,0.0001
770295,1936,250.0,,,,,,,,7609.875095367432,0.0001
770603,1937,175.0,,,,,,,,7613.472436904907,0.0001
771325,1938,425.0,,,,,,,,7622.107531785965,0.0001
771818,1939,425.0,,,,,,,,7627.97184419632,0.0001
772328,1940,500.0,,,,,,,,7634.0271718502045,0.0001
772786,1941,650.0,,,,,,,,7639.522259950638,0.0001
773160,1942,225.0,,,,,,,,7643.996781826019,0.0001
773476,1943,100.0,,,,,,,,7647.776996850967,0.0001
774062,1944,975.0,,,,,,,,7654.82338809967,0.0001
774398,1945,275.0,,,,,,,,7658.872948646545,0.0001
774781,1946,325.0,,,,,,,,7663.422047615051,0.0001
775390,1947,950.0,,,,,,,,7670.623058319092,0.0001
775849,1948,350.0,,,,,,,,7676.133052349091,0.0001
776229,1949,300.0,,,,,,,,7680.662472963333,0.0001
776518,1950,25.0,,,,,,,,7684.09836268425,0.0001
776998,1951,325.0,,,,,,,,7689.821187257767,0.0001
777432,1952,625.0,,,,,,,,7694.997364044189,0.0001
777785,1953,250.0,,,,,,,,7699.2274696826935,0.0001
778285,1954,325.0,,,,,,,,7705.171008348465,0.0001
778784,1955,525.0,,,,,,,,7711.009625196457,0.0001
779343,1956,375.0,,,,,,,,7717.48367524147,0.0001
780341,1957,900.0,,,,,,,,7729.111350059509,0.0001
781240,1958,1750.0,,,,,,,,7739.555691957474,0.0001
781613,1959,275.0,,,,,,,,7743.96714758873,0.0001
782399,1960,600.0,,,,,,,,7753.11000919342,0.0001
783454,1961,975.0,,,,,,,,7765.408976793289,0.0001
783945,1962,350.0,,,,,,,,7771.117826938629,0.0001
784580,1963,925.0,,,,,,,,7778.716430187225,0.0001
785173,1964,425.0,,,,,,,,7785.8835327625275,0.0001
785807,1965,650.0,,,,,,,,7793.450093746185,0.0001
786467,1966,700.0,,,,,,,,7801.322664260864,0.0001
787009,1967,925.0,,,,,,,,7807.906750917435,0.0001
787556,1968,775.0,,,,,,,,7814.410020112991,0.0001
788217,1969,925.0,,,,,,,,7822.399916887283,0.0001
788975,1970,850.0,,,,,,,,7831.434770584106,0.0001
789444,1971,350.0,,,,,,,,7837.038758993149,0.0001
790012,1972,425.0,,,,,,,,7843.824919700623,0.0001
790766,1973,975.0,,,,,,,,7852.791052818298,0.0001
791484,1974,525.0,,,,,,,,7861.3429663181305,0.0001
792160,1975,425.0,,,,,,,,7869.398188591003,0.0001
792663,1976,250.0,,,,,,,,7875.4676287174225,0.0001
793364,1977,900.0,,,,,,,,7883.821483373642,0.0001
794115,1978,425.0,,,,,,,,7892.826865673065,0.0001
794837,1979,550.0,,,,,,,,7901.470978975296,0.0001
795539,1980,425.0,,,,,,,,7909.809752702713,0.0001
795999,1981,325.0,,,,,,,,7915.3159148693085,0.0001
796833,1982,550.0,,,,,,,,7925.3128163814545,0.0001
797667,1983,1300.0,,,,,,,,7935.261802196503,0.0001
798303,1984,425.0,,,,,,,,7942.902958154678,0.0001
798741,1985,225.0,,,,,,,,7948.19163775444,0.0001
799244,1986,300.0,,,,,,,,7954.18887090683,0.0001
799654,1987,350.0,,,,,,,,7959.148593425751,0.0001
800592,1988,1075.0,,,,,,,,7970.378903865814,0.0001
801309,1989,500.0,,,,,,,,7979.061372995377,0.0001
802006,1990,900.0,,,,,,,,7987.424552440643,0.0001
803021,1991,975.0,,,,,,,,7999.665811777115,0.0001
803996,1992,1000.0,,,,,,,,8011.286645650864,0.0001
804995,1993,975.0,,,,,,,,8023.252740383148,0.0001
805780,1994,375.0,,,,,,,,8032.6251673698425,0.0001
806537,1995,700.0,,,,,,,,8041.725587844849,0.0001
807268,1996,525.0,,,,,,,,8050.467464208603,0.0001
807997,1997,550.0,,,,,,,,8059.215728998184,0.0001
808935,1998,450.0,,,,,,,,8070.47848200798,0.0001
809394,1999,425.0,,,,,,,,8075.9947464466095,0.0001
810191,2000,500.0,,,,,,,,8085.549572467804,0.0001
810909,2001,475.0,,,,,,,,8094.238060712814,0.0001
811593,2002,950.0,,,,,,,,8102.411097049713,0.0001
812315,2003,925.0,,,,,,,,8110.995936393738,0.0001
813282,2004,600.0,,,,,,,,8122.594051122665,0.0001
814035,2005,475.0,,,,,,,,8131.714767932892,0.0001
814942,2006,975.0,,,,,,,,8142.607564687729,0.0001
815606,2007,400.0,,,,,,,,8150.60559296608,0.0001
816316,2008,1200.0,,,,,,,,8159.168984889984,0.0001
816849,2009,525.0,,,,,,,,8165.602463245392,0.0001
817448,2010,425.0,,,,,,,,8172.732448577881,0.0001
818123,2011,400.0,,,,,,,,8180.8560338020325,0.0001
818829,2012,475.0,,,,,,,,8189.382528066635,0.0001
819377,2013,500.0,,,,,,,,8195.987774848938,0.0001
820400,2014,950.0,,,,,,,,8208.224977016449,0.0001
821106,2015,550.0,,,,,,,,8216.749077558517,0.0001
821673,2016,350.0,,,,,,,,8223.612037658691,0.0001
822189,2017,500.0,,,,,,,,8229.788685560226,0.0001
822718,2018,300.0,,,,,,,,8236.16640996933,0.0001
823674,2019,475.0,,,,,,,,8247.606991291046,0.0001
824291,2020,425.0,,,,,,,,8255.023369312286,0.0001
824691,2021,300.0,,,,,,,,8259.849313497543,0.0001
825370,2022,450.0,,,,,,,,8268.009201526642,0.0001
825818,2023,350.0,,,,,,,,8273.40756225586,0.0001
826408,2024,700.0,,,,,,,,8280.511357069016,0.0001
827082,2025,975.0,,,,,,,,8288.619822502136,0.0001
827918,2026,825.0,,,,,,,,8298.69560289383,0.0001
828356,2027,700.0,,,,,,,,8303.929094791412,0.0001
828987,2028,425.0,,,,,,,,8311.566133499146,0.0001
829676,2029,425.0,,,,,,,,8319.934437036514,0.0001
830567,2030,1325.0,,,,,,,,8330.689468860626,0.0001
831330,2031,775.0,,,,,,,,8339.949111700058,0.0001
831930,2032,775.0,,,,,,,,8347.26477432251,0.0001
832396,2033,625.0,,,,,,,,8352.859699964523,0.0001
832728,2034,225.0,,,,,,,,8356.854595184326,0.0001
833366,2035,450.0,,,,,,,,8364.536428928375,0.0001
834209,2036,700.0,,,,,,,,8374.850126743317,0.0001
834754,2037,450.0,,,,,,,,8381.401952505112,0.0001
835446,2038,450.0,,,,,,,,8389.730883836746,0.0001
836179,2039,775.0,,,,,,,,8398.562890052795,0.0001
836613,2040,400.0,,,,,,,,8403.820060491562,0.0001
837228,2041,425.0,,,,,,,,8411.158314943314,0.0001
838062,2042,825.0,,,,,,,,8421.208655118942,0.0001
838709,2043,475.0,,,,,,,,8429.065017223358,0.0001
839657,2044,1300.0,,,,,,,,8440.561091899872,0.0001
840371,2045,575.0,,,,,,,,8449.187640428543,0.0001
841223,2046,800.0,,,,,,,,8459.40878200531,0.0001
842016,2047,525.0,,,,,,,,8468.979798316956,0.0001
842660,2048,375.0,,,,,,,,8476.703453063965,0.0001
843539,2049,875.0,,,,,,,,8487.28891134262,0.0001
844232,2050,725.0,,,,,,,,8495.624186515808,0.0001
844879,2051,700.0,,,,,,,,8503.436487674713,0.0001
845526,2052,300.0,,,,,,,,8511.262145280838,0.0001
846273,2053,450.0,,,,,,,,8520.294599533081,0.0001
846953,2054,1000.0,,,,,,,,8528.479704380035,0.0001
847660,2055,500.0,,,,,,,,8536.992353200912,0.0001
848167,2056,750.0,,,,,,,,8543.113644361496,0.0001
849106,2057,850.0,,,,,,,,8554.461208581924,0.0001
849811,2058,775.0,,,,,,,,8563.037513971329,0.0001
850551,2059,800.0,,,,,,,,8572.024549484253,0.0001
851373,2060,1075.0,,,,,,,,8582.015798330307,0.0001
851785,2061,650.0,,,,,,,,8586.94678902626,0.0001
852322,2062,375.0,,,,,,,,8593.487123250961,0.0001
852983,2063,475.0,,,,,,,,8601.4602997303,0.0001
853466,2064,300.0,,,,,,,,8607.319277524948,0.0001
853989,2065,400.0,,,,,,,,8613.731019735336,0.0001
854551,2066,400.0,,,,,,,,8620.50761795044,0.0001
855277,2067,800.0,,,,,,,,8629.336489915848,0.0001
855857,2068,475.0,,,,,,,,8636.343212842941,0.0001
856932,2069,475.0,,,,,,,,8649.355094194412,0.0001
857290,2070,250.0,,,,,,,,8653.741353750229,0.0001
857948,2071,750.0,,,,,,,,8661.745290279388,0.0001
858293,2072,225.0,,,,,,,,8665.911789655685,0.0001
859308,2073,525.0,,,,,,,,8678.209367990494,0.0001
859684,2074,175.0,,,,,,,,8682.761728525162,0.0001
860313,2075,325.0,,,,,,,,8690.413391113281,0.0001
861098,2076,625.0,,,,,,,,8699.932468175888,0.0001
861775,2077,450.0,,,,,,,,8708.1004986763,0.0001
862862,2078,975.0,,,,,,,,8721.229718923569,0.0001
863419,2079,350.0,,,,,,,,8727.976417541504,0.0001
864433,2080,425.0,,,,,,,,8740.311784982681,0.0001
864939,2081,275.0,,,,,,,,8746.421024799347,0.0001
865691,2082,675.0,,,,,,,,8755.564079999924,0.0001
866419,2083,325.0,,,,,,,,8764.404043197632,0.0001
867019,2084,450.0,,,,,,,,8771.676032543182,0.0001
867775,2085,400.0,,,,,,,,8780.82447385788,0.0001
868905,2086,1000.0,,,,,,,,8794.584542751312,0.0001
869518,2087,300.0,,,,,,,,8802.011525630951,0.0001
870068,2088,725.0,,,,,,,,8808.733741998672,0.0001
870772,2089,750.0,,,,,,,,8817.274693012238,0.0001
871283,2090,350.0,,,,,,,,8823.452862739563,0.0001
872095,2091,775.0,,,,,,,,8833.38975572586,0.0001
872861,2092,525.0,,,,,,,,8842.705090522766,0.0001
873873,2093,1225.0,,,,,,,,8854.959332466125,0.0001
874498,2094,350.0,,,,,,,,8862.552645683289,0.0001
875372,2095,850.0,,,,,,,,8873.17300248146,0.0001
876173,2096,475.0,,,,,,,,8882.985593795776,0.0001
876841,2097,375.0,,,,,,,,8891.062078237534,0.0001
877823,2098,825.0,,,,,,,,8902.943724870682,0.0001
878621,2099,525.0,,,,,,,,8912.634222745895,0.0001
879193,2100,1225.0,,,,,,,,8919.551490068436,0.0001
880002,2101,850.0,,,,,,,,8929.311294078827,0.0001
880743,2102,825.0,,,,,,,,8938.296386957169,0.0001
881505,2103,400.0,,,,,,,,8947.537195920944,0.0001
882424,2104,775.0,,,,,,,,8958.548578977585,0.0001
883001,2105,450.0,,,,,,,,8965.539186239243,0.0001
883726,2106,400.0,,,,,,,,8974.316770553589,0.0001
884633,2107,675.0,,,,,,,,8985.403574943542,0.0001
885255,2108,500.0,,,,,,,,8992.896405696869,0.0001
886429,2109,800.0,,,,,,,,9007.267341375351,0.0001
887101,2110,800.0,,,,,,,,9015.513712406158,0.0001
887544,2111,725.0,,,,,,,,9020.852435350418,0.0001
888137,2112,300.0,,,,,,,,9028.108748435974,0.0001
888902,2113,850.0,,,,,,,,9037.373801231384,0.0001
889516,2114,400.0,,,,,,,,9044.839191198349,0.0001
890431,2115,1325.0,,,,,,,,9056.026258707047,0.0001
891627,2116,600.0,,,,,,,,9070.584982395172,0.0001
892321,2117,375.0,,,,,,,,9079.067818641663,0.0001
892948,2118,775.0,,,,,,,,9086.6638007164,0.0001
893703,2119,800.0,,,,,,,,9095.937646865845,0.0001
894358,2120,500.0,,,,,,,,9104.028362989426,0.0001
894922,2121,700.0,,,,,,,,9110.908386707306,0.0001
895433,2122,375.0,,,,,,,,9117.144722938538,0.0001
896102,2123,475.0,,,,,,,,9125.351631879807,0.0001
896710,2124,925.0,,,,,,,,9132.79001903534,0.0001
897433,2125,775.0,,,,,,,,9141.548389196396,0.0001
898324,2126,1100.0,,,,,,,,9152.40603518486,0.0001
898946,2127,750.0,,,,,,,,9160.018083572388,0.0001
899996,2128,4400.0,,,,,,,,9172.805875778198,0.0001
900671,2129,775.0,,,,,,,,9181.029846668243,0.0001
901433,2130,800.0,,,,,,,,9190.387102127075,0.0001
901968,2131,775.0,,,,,,,,9196.925096988678,0.0001
902887,2132,700.0,,,,,,,,9207.911623239517,0.0001
903533,2133,675.0,,,,,,,,9215.601930856705,0.0001
904334,2134,875.0,,,,,,,,9225.370963573456,0.0001
904932,2135,900.0,,,,,,,,9232.65162396431,0.0001
905436,2136,375.0,,,,,,,,9238.808569908142,0.0001
906099,2137,400.0,,,,,,,,9246.889611721039,0.0001
907090,2138,900.0,,,,,,,,9258.99780535698,0.0001
907921,2139,825.0,,,,,,,,9269.135592222214,0.0001
908606,2140,750.0,,,,,,,,9277.5190782547,0.0001
909226,2141,500.0,,,,,,,,9285.05783367157,0.0001
910012,2142,725.0,,,,,,,,9294.678069353104,0.0001
911126,2143,1050.0,,,,,,,,9308.271311044693,0.0001
911607,2144,750.0,,,,,,,,9314.125888109207,0.0001
912630,2145,1425.0,,,,,,,,9326.547942399979,0.0001
913392,2146,750.0,,,,,,,,9335.898411273956,0.0001
914300,2147,1325.0,,,,,,,,9346.91781115532,0.0001
915234,2148,1275.0,,,,,,,,9358.3063955307,0.0001
915949,2149,750.0,,,,,,,,9367.05572628975,0.0001
916477,2150,450.0,,,,,,,,9373.55563044548,0.0001
917302,2151,1250.0,,,,,,,,9383.579636096954,0.0001
918255,2152,750.0,,,,,,,,9395.219859600067,0.0001
919036,2153,725.0,,,,,,,,9404.663009166718,0.0001
919932,2154,925.0,,,,,,,,9415.587989807129,0.0001
920881,2155,1000.0,,,,,,,,9427.244345903397,0.0001
921936,2156,950.0,,,,,,,,9440.110540151596,0.0001
922679,2157,775.0,,,,,,,,9449.20865893364,0.0001
923304,2158,375.0,,,,,,,,9456.84942650795,0.0001
924133,2159,600.0,,,,,,,,9466.963285446167,0.0001
924730,2160,725.0,,,,,,,,9474.234816551208,0.0001
925473,2161,450.0,,,,,,,,9483.333236217499,0.0001
926441,2162,1050.0,,,,,,,,9495.09367108345,0.0001
927729,2163,625.0,,,,,,,,9510.88807630539,0.0001
928314,2164,1150.0,,,,,,,,9518.080606460571,0.0001
929036,2165,725.0,,,,,,,,9526.85007596016,0.0001
929884,2166,550.0,,,,,,,,9537.20854640007,0.0001
930865,2167,1325.0,,,,,,,,9549.24930024147,0.0001
931677,2168,1275.0,,,,,,,,9559.182474374771,0.0001
932653,2169,800.0,,,,,,,,9571.211371660233,0.0001
933273,2170,475.0,,,,,,,,9578.755917310715,0.0001
934244,2171,1025.0,,,,,,,,9590.563448905945,0.0001
935011,2172,675.0,,,,,,,,9599.977006673813,0.0001
936007,2173,1300.0,,,,,,,,9612.030948400497,0.0001
936951,2174,875.0,,,,,,,,9623.326076745987,0.0001
937780,2175,475.0,,,,,,,,9633.252303361893,0.0001
938438,2176,350.0,,,,,,,,9641.29990696907,0.0001
939375,2177,875.0,,,,,,,,9652.778137922287,0.0001
940144,2178,500.0,,,,,,,,9662.186325788498,0.0001
940927,2179,825.0,,,,,,,,9671.746840000153,0.0001
941904,2180,875.0,,,,,,,,9683.721945047379,0.0001
942661,2181,900.0,,,,,,,,9693.059750556946,0.0001
943604,2182,925.0,,,,,,,,9704.603134155273,0.0001
944363,2183,775.0,,,,,,,,9713.900253534317,0.0001
945172,2184,775.0,,,,,,,,9723.8625061512,0.0001
945783,2185,725.0,,,,,,,,9731.384364366531,0.0001
946536,2186,925.0,,,,,,,,9740.602943658829,0.0001
947232,2187,725.0,,,,,,,,9749.106331825256,0.0001
947892,2188,375.0,,,,,,,,9757.18849658966,0.0001
948948,2189,1275.0,,,,,,,,9770.071593284607,0.0001
949774,2190,800.0,,,,,,,,9779.975726604462,0.0001
950636,2191,1225.0,,,,,,,,9790.283841371536,0.0001
951917,2192,1300.0,,,,,,,,9805.611860513687,0.0001
952794,2193,800.0,,,,,,,,9816.226443767548,0.0001
953559,2194,725.0,,,,,,,,9825.700559854507,0.0001
954385,2195,925.0,,,,,,,,9835.914385318756,0.0001
955520,2196,1050.0,,,,,,,,9849.826257228851,0.0001
956481,2197,875.0,,,,,,,,9861.681528568268,0.0001
957296,2198,775.0,,,,,,,,9871.775779008865,0.0001
958175,2199,800.0,,,,,,,,9882.581565618515,0.0001
959209,2200,1400.0,,,,,,,,9895.299138069153,0.0001
959920,2201,375.0,,,,,,,,9904.03945016861,0.0001
960675,2202,800.0,,,,,,,,9913.348192691803,0.0001
961211,2203,725.0,,,,,,,,9919.936183214188,0.0001
962132,2204,700.0,,,,,,,,9931.271607160568,0.0001
963183,2205,1275.0,,,,,,,,9944.168465852737,0.0001
964193,2206,1250.0,,,,,,,,9956.639409780502,0.0001
964954,2207,825.0,,,,,,,,9966.050144672394,0.0001
965832,2208,400.0,,,,,,,,9976.796947717667,0.0001
966636,2209,875.0,,,,,,,,9986.717441797256,0.0001
967636,2210,1275.0,,,,,,,,9999.008561849594,0.0001
968652,2211,1300.0,,,,,,,,10011.509433746338,0.0001
969511,2212,850.0,,,,,,,,10022.118211269379,0.0001
969990,2213,375.0,,,,,,,,10028.015944004059,0.0001
970946,2214,450.0,,,,,,,,10039.848680973053,0.0001
972004,2215,775.0,,,,,,,,10052.89176940918,0.0001
973127,2216,1175.0,,,,,,,,10066.672240972519,0.0001
974240,2217,800.0,,,,,,,,10080.44103550911,0.0001
975211,2218,650.0,,,,,,,,10092.402352333069,0.0001
976237,2219,1050.0,,,,,,,,10105.085989952087,0.0001
977035,2220,625.0,,,,,,,,10114.898958921432,0.0001
977988,2221,825.0,,,,,,,,10126.59679198265,0.0001
978999,2222,925.0,,,,,,,,10139.124801397324,0.0001
980078,2223,800.0,,,,,,,,10152.470883846283,0.0001
980902,2224,850.0,,,,,,,,10162.606731414795,0.0001
981735,2225,1275.0,,,,,,,,10172.836400032043,0.0001
982744,2226,500.0,,,,,,,,10185.227373600006,0.0001
983573,2227,825.0,,,,,,,,10195.496676921844,0.0001
984738,2228,4500.0,,,,,,,,10209.789739608765,0.0001
985602,2229,825.0,,,,,,,,10220.401468992233,0.0001
986947,2230,1275.0,,,,,,,,10237.024059295654,0.0001
987923,2231,725.0,,,,,,,,10248.99723982811,0.0001
989015,2232,1250.0,,,,,,,,10262.479101896286,0.0001
989946,2233,1275.0,,,,,,,,10273.97759604454,0.0001
990683,2234,675.0,,,,,,,,10283.096058607101,0.0001
991773,2235,1425.0,,,,,,,,10296.62715601921,0.0001
992656,2236,800.0,,,,,,,,10307.551851511002,0.0001
993925,2237,975.0,,,,,,,,10323.253421783447,0.0001
994800,2238,800.0,,,,,,,,10334.01244544983,0.0001
995669,2239,575.0,,,,,,,,10344.729855775833,0.0001
996563,2240,800.0,,,,,,,,10355.692476034164,0.0001
997530,2241,1200.0,,,,,,,,10367.670647621155,0.0001
998261,2242,750.0,,,,,,,,10376.720258951187,0.0001
999266,2243,800.0,,,,,,,,10389.12701869011,0.0001
999847,2244,750.0,,,,,,,,10396.296526908875,0.0001
1000715,2245,725.0,,,,,,,,10407.090777635574,0.0001
1001568,2246,1425.0,,,,,,,,10417.666853189468,0.0001
1002296,2247,775.0,,,,,,,,10426.688404798508,0.0001
1002912,2248,825.0,,,,,,,,10434.325208187103,0.0001
1003894,2249,450.0,,,,,,,,10446.431049823761,0.0001
1005057,2250,1425.0,,,,,,,,10460.777960062027,0.0001
1006289,2251,975.0,,,,,,,,10476.002389192581,0.0001
1007656,2252,1325.0,,,,,,,,10492.90644812584,0.0001
1008483,2253,650.0,,,,,,,,10503.085841417313,0.0001
1009640,2254,1250.0,,,,,,,,10517.296205759048,0.0001
1010724,2255,4575.0,,,,,,,,10530.712008953094,0.0001
1011477,2256,850.0,,,,,,,,10540.01180768013,0.0001
1012580,2257,1275.0,,,,,,,,10553.532948493958,0.0001
1013547,2258,950.0,,,,,,,,10565.424217700958,0.0001
1014415,2259,1300.0,,,,,,,,10576.073433876038,0.0001
1015071,2260,525.0,,,,,,,,10584.17076086998,0.0001
1015916,2261,775.0,,,,,,,,10594.549164295197,0.0001
1016672,2262,725.0,,,,,,,,10603.865219831467,0.0001
1017836,2263,1000.0,,,,,,,,10618.304221391678,0.0001
1019063,2264,1175.0,,,,,,,,10633.425298213959,0.0001
1019924,2265,850.0,,,,,,,,10644.00210571289,0.0001
1021031,2266,1350.0,,,,,,,,10657.607340335846,0.0001
1021979,2267,1375.0,,,,,,,,10669.320512771606,0.0001
1022897,2268,1075.0,,,,,,,,10680.596405029297,0.0001
1023961,2269,725.0,,,,,,,,10693.793728113174,0.0001
1025010,2270,1175.0,,,,,,,,10706.664196968079,0.0001
1026307,2271,4675.0,,,,,,,,10722.701016187668,0.0001
1027100,2272,4100.0,,,,,,,,10732.507351875305,0.0001
1028119,2273,775.0,,,,,,,,10745.082177877426,0.0001
1029062,2274,1400.0,,,,,,,,10756.774379968643,0.0001
1030249,2275,775.0,,,,,,,,10771.358409643173,0.0001
1031145,2276,775.0,,,,,,,,10782.379636764526,0.0001
1032059,2277,500.0,,,,,,,,10793.57062292099,0.0001
1032741,2278,475.0,,,,,,,,10802.052538633347,0.0001
1033397,2279,525.0,,,,,,,,10810.147530317307,0.0001
1034073,2280,550.0,,,,,,,,10818.43660902977,0.0001
1034584,2281,950.0,,,,,,,,10824.696934700012,0.0001
1035756,2282,1025.0,,,,,,,,10839.120208024979,0.0001
1036454,2283,525.0,,,,,,,,10847.825989246368,0.0001
1037250,2284,525.0,,,,,,,,10857.630471229553,0.0001
1038001,2285,625.0,,,,,,,,10867.007447719574,0.0001
1038806,2286,725.0,,,,,,,,10876.976873874664,0.0001
1039815,2287,3800.0,,,,,,,,10889.432473897934,0.0001
1040468,2288,525.0,,,,,,,,10897.57308101654,0.0001
1041445,2289,625.0,,,,,,,,10909.626639604568,0.0001
1042476,2290,775.0,,,,,,,,10922.25092458725,0.0001
1043358,2291,800.0,,,,,,,,10933.20415019989,0.0001
1044244,2292,750.0,,,,,,,,10944.07637667656,0.0001
1044723,2293,825.0,,,,,,,,10950.053540468216,0.0001
1045819,2294,525.0,,,,,,,,10963.663805484772,0.0001
1046756,2295,900.0,,,,,,,,10975.194630146027,0.0001
1047539,2296,550.0,,,,,,,,10984.92077088356,0.0001
1048262,2297,575.0,,,,,,,,10993.898087501526,0.0001
1049313,2298,550.0,,,,,,,,11006.893075466156,0.0001
1050259,2299,750.0,,,,,,,,11018.590640544891,0.0001
1051194,2300,1025.0,,,,,,,,11030.108722686768,0.0001
1051995,2301,1250.0,,,,,,,,11040.027993440628,0.0001
1053044,2302,750.0,,,,,,,,11052.99517416954,0.0001
1054296,2303,4175.0,,,,,,,,11068.49677157402,0.0001
1055272,2304,1300.0,,,,,,,,11080.590170383453,0.0001
1056086,2305,1225.0,,,,,,,,11090.70455956459,0.0001
1056817,2306,525.0,,,,,,,,11099.784723758698,0.0001
1057761,2307,1025.0,,,,,,,,11111.490696907043,0.0001
1058735,2308,4525.0,,,,,,,,11123.556815862656,0.0001
1059875,2309,925.0,,,,,,,,11137.62473154068,0.0001
1060725,2310,4700.0,,,,,,,,11148.175693750381,0.0001
1061503,2311,550.0,,,,,,,,11157.819167375565,0.0001
1062821,2312,4250.0,,,,,,,,11174.19095659256,0.0001
1063473,2313,425.0,,,,,,,,11182.232614517212,0.0001
1064465,2314,825.0,,,,,,,,11194.502420425415,0.0001
1065659,2315,975.0,,,,,,,,11209.237313270569,0.0001
1066566,2316,1250.0,,,,,,,,11220.459414482117,0.0001
1067493,2317,1300.0,,,,,,,,11231.867016792297,0.0001
1068240,2318,425.0,,,,,,,,11241.118248224258,0.0001
1069147,2319,550.0,,,,,,,,11252.330959558487,0.0001
1069981,2320,800.0,,,,,,,,11262.66364622116,0.0001
1070582,2321,375.0,,,,,,,,11270.055447816849,0.0001
1071417,2322,1300.0,,,,,,,,11280.411732673645,0.0001
1072050,2323,650.0,,,,,,,,11288.180827379227,0.0001
1073151,2324,850.0,,,,,,,,11301.731570005417,0.0001
1074284,2325,800.0,,,,,,,,11315.70880818367,0.0001
1075268,2326,925.0,,,,,,,,11327.84735918045,0.0001
1076176,2327,850.0,,,,,,,,11338.987048387527,0.0001
1076953,2328,500.0,,,,,,,,11348.637037038803,0.0001
1077839,2329,825.0,,,,,,,,11359.649145841599,0.0001
1078540,2330,475.0,,,,,,,,11368.397536277771,0.0001
1079884,2331,1250.0,,,,,,,,11384.97880244255,0.0001
1080689,2332,1250.0,,,,,,,,11394.955174922943,0.0001
1081584,2333,650.0,,,,,,,,11405.977858066559,0.0001
1082571,2334,1050.0,,,,,,,,11418.17842054367,0.0001
1083504,2335,975.0,,,,,,,,11429.693935871124,0.0001
1084049,2336,700.0,,,,,,,,11436.470711708069,0.0001
1084949,2337,3975.0,,,,,,,,11447.665135145187,0.0001
1085718,2338,675.0,,,,,,,,11457.187395334244,0.0001
1086487,2339,1350.0,,,,,,,,11466.70044708252,0.0001
1087354,2340,875.0,,,,,,,,11477.437918424606,0.0001
1088012,2341,850.0,,,,,,,,11485.610207080841,0.0001
1088946,2342,4175.0,,,,,,,,11497.210008621216,0.0001
1089811,2343,525.0,,,,,,,,11507.886686086655,0.0001
1090478,2344,1000.0,,,,,,,,11516.130227804184,0.0001
1091382,2345,525.0,,,,,,,,11527.27817106247,0.0001
1092469,2346,1325.0,,,,,,,,11540.646783590317,0.0001
1093013,2347,500.0,,,,,,,,11547.395498037338,0.0001
1093823,2348,825.0,,,,,,,,11557.369121074677,0.0001
1095253,2349,1325.0,,,,,,,,11574.988462686539,0.0001
1095832,2350,525.0,,,,,,,,11582.103957414627,0.0001
1096682,2351,1300.0,,,,,,,,11592.635716199875,0.0001
1097271,2352,500.0,,,,,,,,11599.925404310226,0.0001
1098043,2353,600.0,,,,,,,,11609.480953216553,0.0001
1099021,2354,1425.0,,,,,,,,11621.560904741287,0.0001
1100049,2355,1325.0,,,,,,,,11634.232540607452,0.0001
1100735,2356,775.0,,,,,,,,11642.665855884552,0.0001
1101573,2357,525.0,,,,,,,,11652.961966276169,0.0001
1102012,2358,225.0,,,,,,,,11658.373247861862,0.0001
1103164,2359,4275.0,,,,,,,,11672.514034509659,0.0001
1103711,2360,500.0,,,,,,,,11679.305529594421,0.0001
1104280,2361,500.0,,,,,,,,11686.29772901535,0.0001
1105172,2362,1250.0,,,,,,,,11697.311224937439,0.0001
1105966,2363,1250.0,,,,,,,,11707.123370170593,0.0001
1106661,2364,525.0,,,,,,,,11715.706273317337,0.0001
1107511,2365,1350.0,,,,,,,,11726.2161090374,0.0001
1108473,2366,825.0,,,,,,,,11738.133907794952,0.0001
1109514,2367,750.0,,,,,,,,11751.065959453583,0.0001
1110494,2368,950.0,,,,,,,,11763.174507379532,0.0001
1111296,2369,4175.0,,,,,,,,11772.996062755585,0.0001
1112150,2370,1425.0,,,,,,,,11783.520515203476,0.0001
1112579,2371,775.0,,,,,,,,11788.837143182755,0.0001
1113728,2372,1300.0,,,,,,,,11802.958925008774,0.0001
1114442,2373,750.0,,,,,,,,11811.796531200409,0.0001
1115366,2374,1075.0,,,,,,,,11823.317769050598,0.0001
1115956,2375,800.0,,,,,,,,11830.598984479904,0.0001
1116909,2376,4625.0,,,,,,,,11842.474800825119,0.0001
1117728,2377,1325.0,,,,,,,,11852.611864566803,0.0001
1118922,2378,1350.0,,,,,,,,11867.455068349838,0.0001
1119461,2379,450.0,,,,,,,,11874.127881526947,0.0001
1120195,2380,800.0,,,,,,,,11883.1570956707,0.0001
1120870,2381,525.0,,,,,,,,11891.550889015198,0.0001
1121360,2382,750.0,,,,,,,,11897.562008857727,0.0001
1122005,2383,850.0,,,,,,,,11905.570053815842,0.0001
1122683,2384,500.0,,,,,,,,11913.929292678833,0.0001
1123423,2385,975.0,,,,,,,,11923.154161453247,0.0001
1123967,2386,800.0,,,,,,,,11929.877789020538,0.0001
1124776,2387,3975.0,,,,,,,,11939.873807907104,0.0001
1125411,2388,525.0,,,,,,,,11947.68358707428,0.0001
1126062,2389,850.0,,,,,,,,11955.731720685959,0.0001
1126733,2390,825.0,,,,,,,,11964.044065952301,0.0001
1127143,2391,300.0,,,,,,,,11969.097043275833,0.0001
1127706,2392,825.0,,,,,,,,11976.079360961914,0.0001
1128360,2393,750.0,,,,,,,,11984.157123327255,0.0001
1129065,2394,450.0,,,,,,,,11992.95198059082,0.0001
1129678,2395,425.0,,,,,,,,12000.541353225708,0.0001
1130404,2396,850.0,,,,,,,,12009.569912672043,0.0001
1131139,2397,800.0,,,,,,,,12018.721358299255,0.0001
1131955,2398,500.0,,,,,,,,12028.817093849182,0.0001
1132771,2399,4675.0,,,,,,,,12038.885669231415,0.0001
1133626,2400,1350.0,,,,,,,,12049.412181854248,0.0001
1134378,2401,525.0,,,,,,,,12058.759718179703,0.0001
1135348,2402,1350.0,,,,,,,,12070.649035930634,0.0001
1135831,2403,700.0,,,,,,,,12076.628166913986,0.0001
1136550,2404,725.0,,,,,,,,12085.492366552353,0.0001
1137291,2405,1100.0,,,,,,,,12094.610470294952,0.0001
1137977,2406,1300.0,,,,,,,,12103.063901901245,0.0001
1138460,2407,425.0,,,,,,,,12109.012873411179,0.0001
1139200,2408,550.0,,,,,,,,12118.165648698807,0.0001
1139750,2409,3700.0,,,,,,,,12124.94642162323,0.0001
1140343,2410,825.0,,,,,,,,12132.336029052734,0.0001
1141161,2411,1450.0,,,,,,,,12142.373240232468,0.0001
1141869,2412,775.0,,,,,,,,12151.108377933502,0.0001
1142533,2413,700.0,,,,,,,,12159.347723722458,0.0001
1143190,2414,450.0,,,,,,,,12167.464725255966,0.0001
1143689,2415,475.0,,,,,,,,12173.651811361313,0.0001
1144407,2416,525.0,,,,,,,,12182.520300388336,0.0001
1145356,2417,1275.0,,,,,,,,12194.194190979004,0.0001
1146228,2418,550.0,,,,,,,,12204.900153398514,0.0001
1147085,2419,550.0,,,,,,,,12215.584894895554,0.0001
1147721,2420,850.0,,,,,,,,12223.467042684555,0.0001
1148870,2421,1150.0,,,,,,,,12237.720672607422,0.0001
1149877,2422,3925.0,,,,,,,,12250.103688955307,0.0001
1150610,2423,750.0,,,,,,,,12259.10279750824,0.0001
1151595,2424,1375.0,,,,,,,,12271.23818898201,0.0001
1152288,2425,1175.0,,,,,,,,12279.824139595032,0.0001
1152903,2426,425.0,,,,,,,,12287.451138973236,0.0001
1153684,2427,575.0,,,,,,,,12297.176214456558,0.0001
1154658,2428,800.0,,,,,,,,12309.216876983643,0.0001
1155660,2429,550.0,,,,,,,,12321.508671998978,0.0001
1156121,2430,450.0,,,,,,,,12327.259155988693,0.0001
1156567,2431,800.0,,,,,,,,12332.74098277092,0.0001
1157173,2432,800.0,,,,,,,,12340.303977012634,0.0001
1157981,2433,575.0,,,,,,,,12350.247040987015,0.0001
1158823,2434,775.0,,,,,,,,12360.696871042252,0.0001
1159652,2435,725.0,,,,,,,,12370.892043352127,0.0001
1160406,2436,3975.0,,,,,,,,12380.251966238022,0.0001
1161151,2437,1325.0,,,,,,,,12389.450057983398,0.0001
1161552,2438,725.0,,,,,,,,12394.410708904266,0.0001
1162167,2439,850.0,,,,,,,,12402.025226831436,0.0001
1162932,2440,500.0,,,,,,,,12411.51769566536,0.0001
1163766,2441,500.0,,,,,,,,12421.839366197586,0.0001
1164592,2442,600.0,,,,,,,,12431.94277215004,0.0001
1165289,2443,525.0,,,,,,,,12440.566763401031,0.0001
1165924,2444,850.0,,,,,,,,12448.36334848404,0.0001
1166677,2445,775.0,,,,,,,,12457.70122385025,0.0001
1167374,2446,450.0,,,,,,,,12466.190801143646,0.0001
1168148,2447,1350.0,,,,,,,,12475.67298078537,0.0001
1168867,2448,1300.0,,,,,,,,12484.564296722412,0.0001
1169558,2449,800.0,,,,,,,,12493.09835767746,0.0001
1170243,2450,575.0,,,,,,,,12501.574328660965,0.0001
1171071,2451,1050.0,,,,,,,,12511.805438280106,0.0001
1171930,2452,550.0,,,,,,,,12522.457281589508,0.0001
1172435,2453,450.0,,,,,,,,12528.70011472702,0.0001
1173016,2454,850.0,,,,,,,,12535.866488695145,0.0001
1173755,2455,575.0,,,,,,,,12544.99875831604,0.0001
1174242,2456,625.0,,,,,,,,12551.056329011917,0.0001
1175116,2457,1050.0,,,,,,,,12561.844261407852,0.0001
1175681,2458,525.0,,,,,,,,12568.904166221619,0.0001
1176394,2459,850.0,,,,,,,,12577.73330616951,0.0001
1177373,2460,1050.0,,,,,,,,12589.84524345398,0.0001
1178186,2461,800.0,,,,,,,,12599.87488412857,0.0001
1178981,2462,850.0,,,,,,,,12609.770889282227,0.0001
1179537,2463,800.0,,,,,,,,12616.649783372879,0.0001
1180551,2464,825.0,,,,,,,,12629.092115402222,0.0001
1181232,2465,450.0,,,,,,,,12637.529677391052,0.0001
1182038,2466,750.0,,,,,,,,12647.478700637817,0.0001
1182637,2467,800.0,,,,,,,,12654.967482328415,0.0001
1183103,2468,300.0,,,,,,,,12660.71094417572,0.0001
1183777,2469,800.0,,,,,,,,12668.943731546402,0.0001
1184552,2470,800.0,,,,,,,,12678.525257349014,0.0001
1185235,2471,1325.0,,,,,,,,12687.002386331558,0.0001
1186111,2472,4125.0,,,,,,,,12697.938450813293,0.0001
1186732,2473,3675.0,,,,,,,,12705.618812084198,0.0001
1187457,2474,825.0,,,,,,,,12714.606512069702,0.0001
1188291,2475,900.0,,,,,,,,12724.905764341354,0.0001
1189072,2476,800.0,,,,,,,,12734.482624530792,0.0001
1189751,2477,1325.0,,,,,,,,12742.82983803749,0.0001
1190358,2478,800.0,,,,,,,,12750.359621047974,0.0001
1190930,2479,775.0,,,,,,,,12757.46544289589,0.0001
1191662,2480,775.0,,,,,,,,12766.590035200119,0.0001
1192182,2481,825.0,,,,,,,,12773.01103591919,0.0001
1192704,2482,750.0,,,,,,,,12779.463358402252,0.0001
1193700,2483,1350.0,,,,,,,,12791.763850927353,0.0001
1194563,2484,1050.0,,,,,,,,12802.374102592468,0.0001
1195288,2485,800.0,,,,,,,,12811.274708509445,0.0001
1195924,2486,450.0,,,,,,,,12819.070415258408,0.0001
1197007,2487,1350.0,,,,,,,,12832.459626197815,0.0001
1198004,2488,1375.0,,,,,,,,12844.824787855148,0.0001
1198606,2489,800.0,,,,,,,,12852.32828116417,0.0001
1199580,2490,900.0,,,,,,,,12864.345531702042,0.0001
1200385,2491,3975.0,,,,,,,,12874.349041938782,0.0001
1201182,2492,825.0,,,,,,,,12884.256041526794,0.0001
1202211,2493,1325.0,,,,,,,,12897.067019939423,0.0001
1202843,2494,3975.0,,,,,,,,12904.918223619461,0.0001
1203320,2495,475.0,,,,,,,,12910.782699584961,0.0001
1203778,2496,750.0,,,,,,,,12916.470067501068,0.0001
1204635,2497,4200.0,,,,,,,,12927.036927223206,0.0001
1206122,2498,4700.0,,,,,,,,12945.451729774475,0.0001
1206643,2499,400.0,,,,,,,,12951.882593870163,0.0001
1207105,2500,750.0,,,,,,,,12957.627321004868,0.0001
1208036,2501,1325.0,,,,,,,,12969.078452825546,0.0001
1208535,2502,800.0,,,,,,,,12975.270986557007,0.0001
1209232,2503,850.0,,,,,,,,12983.861652135849,0.0001
1209849,2504,775.0,,,,,,,,12991.551722764969,0.0001
1210868,2505,925.0,,,,,,,,13004.056562423706,0.0001
1211969,2506,1450.0,,,,,,,,13017.652461051941,0.0001
1212783,2507,1250.0,,,,,,,,13027.714368581772,0.0001
1213628,2508,3700.0,,,,,,,,13038.205845355988,0.0001
1214114,2509,425.0,,,,,,,,13044.264608383179,0.0001
1215198,2510,550.0,,,,,,,,13057.688994646072,0.0001
1216185,2511,600.0,,,,,,,,13069.814692497253,0.0001
1217022,2512,3825.0,,,,,,,,13080.104878425598,0.0001
1217819,2513,750.0,,,,,,,,13089.90059709549,0.0001
1218798,2514,1450.0,,,,,,,,13102.01356101036,0.0001
1219514,2515,850.0,,,,,,,,13110.907944917679,0.0001
1219855,2516,500.0,,,,,,,,13115.12364578247,0.0001
1221046,2517,1025.0,,,,,,,,13129.876503229141,0.0001
1222083,2518,1400.0,,,,,,,,13142.69683766365,0.0001
1222733,2519,800.0,,,,,,,,13150.75663137436,0.0001
1223438,2520,775.0,,,,,,,,13159.511941194534,0.0001
1224211,2521,1325.0,,,,,,,,13169.036731243134,0.0001
1225046,2522,1325.0,,,,,,,,13179.417379617691,0.0001
1225602,2523,450.0,,,,,,,,13186.283513069153,0.0001
1226249,2524,700.0,,,,,,,,13194.30994963646,0.0001
1226971,2525,1325.0,,,,,,,,13203.194156885147,0.0001
1227765,2526,850.0,,,,,,,,13213.020708084106,0.0001
1228644,2527,1325.0,,,,,,,,13223.887095928192,0.0001
1229505,2528,1325.0,,,,,,,,13234.558064460754,0.0001
1230261,2529,675.0,,,,,,,,13243.905091285706,0.0001
1231171,2530,1300.0,,,,,,,,13255.098033189774,0.0001
1231826,2531,850.0,,,,,,,,13263.210513591766,0.0001
1232864,2532,4175.0,,,,,,,,13276.031763076782,0.0001
1233579,2533,700.0,,,,,,,,13284.902935743332,0.0001
1234328,2534,4025.0,,,,,,,,13294.122442483902,0.0001
1235398,2535,850.0,,,,,,,,13307.312406539917,0.0001
1236201,2536,1350.0,,,,,,,,13317.198674678802,0.0001
1237248,2537,1450.0,,,,,,,,13330.072636604309,0.0001
1238025,2538,575.0,,,,,,,,13339.693654060364,0.0001
1239067,2539,4500.0,,,,,,,,13352.366124868393,0.0001
1239685,2540,800.0,,,,,,,,13360.095784187317,0.0001
1240219,2541,725.0,,,,,,,,13366.689090251923,0.0001
1241196,2542,1325.0,,,,,,,,13378.742863893509,0.0001
1241653,2543,650.0,,,,,,,,13384.388374567032,0.0001
1242613,2544,1350.0,,,,,,,,13396.27664399147,0.0001
1243408,2545,850.0,,,,,,,,13406.029811620712,0.0001
1244479,2546,1350.0,,,,,,,,13419.282388925552,0.0001
1245105,2547,3975.0,,,,,,,,13427.033335924149,0.0001
1245730,2548,650.0,,,,,,,,13434.833486318588,0.0001
1246418,2549,850.0,,,,,,,,13443.348211288452,0.0001
1246824,2550,275.0,,,,,,,,13448.380213022232,0.0001
1247549,2551,300.0,,,,,,,,13457.386590480804,0.0001
1248064,2552,850.0,,,,,,,,13463.723012208939,0.0001
1248972,2553,850.0,,,,,,,,13474.901764631271,0.0001
1249471,2554,425.0,,,,,,,,13481.082242965698,0.0001
1250109,2555,3950.0,,,,,,,,13488.979835510254,0.0001
1250661,2556,800.0,,,,,,,,13495.85920715332,0.0001
1251336,2557,850.0,,,,,,,,13504.210223674774,0.0001
1252082,2558,525.0,,,,,,,,13513.485920906067,0.0001
1252581,2559,475.0,,,,,,,,13519.686305522919,0.0001
1253076,2560,775.0,,,,,,,,13525.828116893768,0.0001
1253618,2561,550.0,,,,,,,,13532.468670606613,0.0001
1254418,2562,850.0,,,,,,,,13542.132353544235,0.0001
1255333,2563,4025.0,,,,,,,,13553.204049110413,0.0001
1256210,2564,1300.0,,,,,,,,13564.019986391068,0.0001
1256796,2565,725.0,,,,,,,,13571.22623181343,0.0001
1257762,2566,950.0,,,,,,,,13583.19051527977,0.0001
1258266,2567,750.0,,,,,,,,13589.45749926567,0.0001
1258932,2568,750.0,,,,,,,,13597.691975593567,0.0001
1259416,2569,700.0,,,,,,,,13603.678066015244,0.0001
1260304,2570,825.0,,,,,,,,13614.65580534935,0.0001
1260878,2571,775.0,,,,,,,,13621.82912492752,0.0001
1261520,2572,1275.0,,,,,,,,13629.719105482101,0.0001
1262362,2573,750.0,,,,,,,,13640.178251981735,0.0001
1262780,2574,725.0,,,,,,,,13645.352358579636,0.0001
1263812,2575,3700.0,,,,,,,,13658.132145404816,0.0001
1264614,2576,775.0,,,,,,,,13668.129459619522,0.0001
1265323,2577,775.0,,,,,,,,13676.858880519867,0.0001
1265984,2578,700.0,,,,,,,,13684.987746953964,0.0001
1266612,2579,3700.0,,,,,,,,13692.726828575134,0.0001
1267241,2580,825.0,,,,,,,,13700.539193153381,0.0001
1267701,2581,575.0,,,,,,,,13706.206633806229,0.0001
1268642,2582,825.0,,,,,,,,13717.832149505615,0.0001
1269112,2583,750.0,,,,,,,,13723.630124807358,0.0001
1269835,2584,850.0,,,,,,,,13732.653014659882,0.0001
1270607,2585,725.0,,,,,,,,13742.18659234047,0.0001
1271322,2586,700.0,,,,,,,,13751.031846523285,0.0001
1272049,2587,825.0,,,,,,,,13760.00646328926,0.0001
1272684,2588,775.0,,,,,,,,13767.85074687004,0.0001
1273224,2589,725.0,,,,,,,,13774.5339884758,0.0001
1273828,2590,775.0,,,,,,,,13781.98470401764,0.0001
1274798,2591,1375.0,,,,,,,,13793.992083072662,0.0001
1275466,2592,1300.0,,,,,,,,13802.263588428497,0.0001
1277045,2593,4800.0,,,,,,,,13821.723092794418,0.0001
1277696,2594,1300.0,,,,,,,,13829.783157348633,0.0001
1278199,2595,825.0,,,,,,,,13836.049240589142,0.0001
1279042,2596,825.0,,,,,,,,13846.484358787537,0.0001
1279691,2597,1275.0,,,,,,,,13854.514874696732,0.0001
1280360,2598,3975.0,,,,,,,,13862.78307723999,0.0001
1281036,2599,825.0,,,,,,,,13871.139737844467,0.0001
1281588,2600,875.0,,,,,,,,13877.984679460526,0.0001
1282266,2601,550.0,,,,,,,,13886.30969285965,0.0001
1282740,2602,375.0,,,,,,,,13892.124037742615,0.0001
1283461,2603,1275.0,,,,,,,,13901.03837966919,0.0001
1283907,2604,825.0,,,,,,,,13906.589575529099,0.0001
1284610,2605,4125.0,,,,,,,,13915.269524335861,0.0001
1285353,2606,850.0,,,,,,,,13924.46304154396,0.0001
1286133,2607,850.0,,,,,,,,13934.1354637146,0.0001
1286895,2608,1425.0,,,,,,,,13943.560376882553,0.0001
1287438,2609,800.0,,,,,,,,13950.237651824951,0.0001
1288225,2610,700.0,,,,,,,,13960.006587982178,0.0001
1288937,2611,750.0,,,,,,,,13968.742080688477,0.0001
1289822,2612,4025.0,,,,,,,,13979.665082454681,0.0001
1290525,2613,3975.0,,,,,,,,13988.321172475815,0.0001
1291046,2614,775.0,,,,,,,,13994.73466682434,0.0001
1291667,2615,700.0,,,,,,,,14002.38937664032,0.0001
1292170,2616,675.0,,,,,,,,14008.607620954514,0.0001
1292893,2617,800.0,,,,,,,,14017.521372556686,0.0001
1293617,2618,825.0,,,,,,,,14026.454473495483,0.0001
1294336,2619,825.0,,,,,,,,14035.321362257004,0.0001
1294947,2620,3975.0,,,,,,,,14042.87470459938,0.0001
1295549,2621,3975.0,,,,,,,,14050.350392103195,0.0001
1296359,2622,4100.0,,,,,,,,14060.319741725922,0.0001
1297123,2623,4100.0,,,,,,,,14069.801796197891,0.0001
1297975,2624,4225.0,,,,,,,,14080.270843982697,0.0001
1298553,2625,3975.0,,,,,,,,14087.431496858597,0.0001
1299508,2626,4700.0,,,,,,,,14099.160376787186,0.0001
1299909,2627,775.0,,,,,,,,14104.1930975914,0.0001
1300555,2628,3975.0,,,,,,,,14112.126091480255,0.0001
1301007,2629,825.0,,,,,,,,14117.727657079697,0.0001
1301668,2630,4025.0,,,,,,,,14125.870367765427,0.0001
1302291,2631,375.0,,,,,,,,14133.578348875046,0.0001
1302976,2632,400.0,,,,,,,,14141.96537232399,0.0001
1303596,2633,725.0,,,,,,,,14149.624799728394,0.0001
1304041,2634,850.0,,,,,,,,14155.1949365139,0.0001
1304495,2635,200.0,,,,,,,,14160.844891786575,0.0001
1305070,2636,3975.0,,,,,,,,14167.991408109665,0.0001
1305729,2637,450.0,,,,,,,,14176.187324285507,0.0001
1306331,2638,375.0,,,,,,,,14183.65053319931,0.0001
1306748,2639,425.0,,,,,,,,14188.799951791763,0.0001
1307376,2640,575.0,,,,,,,,14196.619289398193,0.0001
1307782,2641,575.0,,,,,,,,14201.69577908516,0.0001
1308171,2642,375.0,,,,,,,,14206.477125406265,0.0001
1308773,2643,800.0,,,,,,,,14213.924878358841,0.0001
1309359,2644,1275.0,,,,,,,,14221.146974802017,0.0001
1310156,2645,4200.0,,,,,,,,14230.991249322891,0.0001
1310646,2646,500.0,,,,,,,,14237.060687065125,0.0001
1311279,2647,725.0,,,,,,,,14244.872122526169,0.0001
1311886,2648,775.0,,,,,,,,14252.337717056274,0.0001
1312537,2649,800.0,,,,,,,,14260.412995100021,0.0001
1313138,2650,775.0,,,,,,,,14267.904293775558,0.0001
1314031,2651,850.0,,,,,,,,14278.896994113922,0.0001
1314744,2652,525.0,,,,,,,,14287.723702669144,0.0001
1315359,2653,3975.0,,,,,,,,14295.372425794601,0.0001
1316074,2654,475.0,,,,,,,,14304.159066200256,0.0001
1316619,2655,825.0,,,,,,,,14310.89189195633,0.0001
1317169,2656,800.0,,,,,,,,14317.722602128983,0.0001
1317875,2657,800.0,,,,,,,,14326.380006313324,0.0001
1318945,2658,750.0,,,,,,,,14339.52866101265,0.0001
1319899,2659,4225.0,,,,,,,,14351.344568252563,0.0001
1320932,2660,800.0,,,,,,,,14364.057158946991,0.0001
1321399,2661,825.0,,,,,,,,14369.85534787178,0.0001
1321974,2662,3975.0,,,,,,,,14376.980280637741,0.0001
1322745,2663,600.0,,,,,,,,14386.511682510376,0.0001
1323294,2664,375.0,,,,,,,,14393.223683595657,0.0001
1324142,2665,4500.0,,,,,,,,14403.705618858337,0.0001
1324686,2666,600.0,,,,,,,,14410.420698165894,0.0001
1325569,2667,4200.0,,,,,,,,14421.329827070236,0.0001
1326326,2668,825.0,,,,,,,,14430.72423863411,0.0001
1326856,2669,750.0,,,,,,,,14437.225260734558,0.0001
1327411,2670,400.0,,,,,,,,14444.119807481766,0.0001
1328172,2671,600.0,,,,,,,,14453.522495746613,0.0001
1329090,2672,1025.0,,,,,,,,14464.78026509285,0.0001
1329862,2673,950.0,,,,,,,,14474.289179801941,0.0001
1330431,2674,450.0,,,,,,,,14481.309416770935,0.0001
1330765,2675,200.0,,,,,,,,14485.475973367691,0.0001
1331210,2676,675.0,,,,,,,,14490.980174064636,0.0001
1331724,2677,325.0,,,,,,,,14497.349648475647,0.0001
1332156,2678,425.0,,,,,,,,14502.71624493599,0.0001
1332920,2679,825.0,,,,,,,,14512.161855220795,0.0001
1333608,2680,475.0,,,,,,,,14520.720137834549,0.0001
1334309,2681,525.0,,,,,,,,14529.396112918854,0.0001
1334709,2682,775.0,,,,,,,,14534.383255720139,0.0001
1335272,2683,525.0,,,,,,,,14541.2991168499,0.0001
1335637,2684,750.0,,,,,,,,14545.860216140747,0.0001
1336292,2685,825.0,,,,,,,,14553.964547395706,0.0001
1336717,2686,250.0,,,,,,,,14559.259619474411,0.0001
1337207,2687,325.0,,,,,,,,14565.283633470535,0.0001
1337670,2688,650.0,,,,,,,,14571.006542682648,0.0001
1338154,2689,375.0,,,,,,,,14577.022883176804,0.0001
1338827,2690,500.0,,,,,,,,14585.395307302475,0.0001
1339352,2691,800.0,,,,,,,,14591.93144249916,0.0001
1339747,2692,300.0,,,,,,,,14596.858360052109,0.0001
1340253,2693,150.0,,,,,,,,14603.112686634064,0.0001
1340678,2694,375.0,,,,,,,,14608.34930062294,0.0001
1341054,2695,400.0,,,,,,,,14612.998852491379,0.0001
1341738,2696,4200.0,,,,,,,,14621.502204656601,0.0001
1342316,2697,425.0,,,,,,,,14628.61854839325,0.0001
1343058,2698,400.0,,,,,,,,14637.876997709274,0.0001
1343599,2699,425.0,,,,,,,,14644.534498691559,0.0001
1344131,2700,350.0,,,,,,,,14651.161474466324,0.0001
1344540,2701,625.0,,,,,,,,14656.226166963577,0.0001
1345057,2702,950.0,,,,,,,,14662.668927669525,0.0001
1345497,2703,725.0,,,,,,,,14668.105739831924,0.0001
1345909,2704,350.0,,,,,,,,14673.210049390793,0.0001
1346382,2705,375.0,,,,,,,,14679.058545589447,0.0001
1346952,2706,375.0,,,,,,,,14686.145961046219,0.0001
1347567,2707,825.0,,,,,,,,14693.781370162964,0.0001
1347979,2708,650.0,,,,,,,,14698.928349018097,0.0001
1348533,2709,3950.0,,,,,,,,14705.778740167618,0.0001
1349242,2710,750.0,,,,,,,,14714.53113245964,0.0001
1349744,2711,850.0,,,,,,,,14720.642566919327,0.0001
1350188,2712,325.0,,,,,,,,14726.019197702408,0.0001
1350675,2713,825.0,,,,,,,,14732.022826433182,0.0001
1351316,2714,800.0,,,,,,,,14739.979230880737,0.0001
1351784,2715,375.0,,,,,,,,14745.75022482872,0.0001
1352188,2716,625.0,,,,,,,,14750.780935287476,0.0001
1352632,2717,400.0,,,,,,,,14756.285869836807,0.0001
1353159,2718,375.0,,,,,,,,14762.8744328022,0.0001
1353788,2719,275.0,,,,,,,,14770.654105901718,0.0001
1354314,2720,425.0,,,,,,,,14777.184113264084,0.0001
1354958,2721,300.0,,,,,,,,14785.13146853447,0.0001
1355658,2722,425.0,,,,,,,,14793.741305589676,0.0001
1356667,2723,825.0,,,,,,,,14806.158069849014,0.0001
1357321,2724,800.0,,,,,,,,14814.293914318085,0.0001
1357939,2725,850.0,,,,,,,,14821.91799211502,0.0001
1358489,2726,800.0,,,,,,,,14828.778762817383,0.0001
1358855,2727,625.0,,,,,,,,14833.319120883942,0.0001
1359190,2728,175.0,,,,,,,,14837.498232603073,0.0001
1359630,2729,275.0,,,,,,,,14843.011038780212,0.0001
1360118,2730,850.0,,,,,,,,14849.065482378006,0.0001
1360610,2731,725.0,,,,,,,,14855.14949464798,0.0001
1361251,2732,400.0,,,,,,,,14863.022918701172,0.0001
1361575,2733,100.0,,,,,,,,14867.109001874924,0.0001
1361884,2734,100.0,,,,,,,,14870.93339252472,0.0001
1362390,2735,850.0,,,,,,,,14877.242694616318,0.0001
1362768,2736,350.0,,,,,,,,14881.911854743958,0.0001
1363140,2737,625.0,,,,,,,,14886.53340601921,0.0001
1363877,2738,475.0,,,,,,,,14895.763995409012,0.0001
1364497,2739,825.0,,,,,,,,14903.436530351639,0.0001
1364910,2740,725.0,,,,,,,,14908.547865629196,0.0001
1365794,2741,875.0,,,,,,,,14919.41088795662,0.0001
1366213,2742,625.0,,,,,,,,14924.60425043106,0.0001
1366654,2743,875.0,,,,,,,,14930.052008628845,0.0001
1367377,2744,850.0,,,,,,,,14939.012219905853,0.0001
1367713,2745,500.0,,,,,,,,14943.224752426147,0.0001
1368160,2746,775.0,,,,,,,,14948.686661720276,0.0001
1368724,2747,800.0,,,,,,,,14955.690213918686,0.0001
1369206,2748,450.0,,,,,,,,14961.698236703873,0.0001
1369720,2749,725.0,,,,,,,,14968.044893026352,0.0001
1370343,2750,425.0,,,,,,,,14975.722476482391,0.0001
1370810,2751,300.0,,,,,,,,14981.481454372406,0.0001
1371279,2752,825.0,,,,,,,,14987.254885673523,0.0001
1371900,2753,600.0,,,,,,,,14994.941915750504,0.0001
1372416,2754,400.0,,,,,,,,15001.30552816391,0.0001
1372896,2755,775.0,,,,,,,,15007.308886766434,0.0001
1373467,2756,475.0,,,,,,,,15014.448813676834,0.0001
1374117,2757,3875.0,,,,,,,,15022.547627925873,0.0001
1374699,2758,400.0,,,,,,,,15029.73171210289,0.0001
1375147,2759,775.0,,,,,,,,15035.274576425552,0.0001
1375506,2760,775.0,,,,,,,,15039.726552724838,0.0001
1376068,2761,800.0,,,,,,,,15046.712869882584,0.0001
1376688,2762,825.0,,,,,,,,15054.368784427643,0.0001
1377138,2763,675.0,,,,,,,,15059.961014032364,0.0001
1378022,2764,1175.0,,,,,,,,15070.944751262665,0.0001
1378828,2765,700.0,,,,,,,,15080.812601327896,0.0001
1379303,2766,775.0,,,,,,,,15086.67687535286,0.0001
1380042,2767,450.0,,,,,,,,15095.772409200668,0.0001
1380478,2768,375.0,,,,,,,,15101.160301685333,0.0001
1381026,2769,875.0,,,,,,,,15107.940561771393,0.0001
1381514,2770,525.0,,,,,,,,15114.030306100845,0.0001
1382327,2771,3700.0,,,,,,,,15124.104031085968,0.0001
1382904,2772,850.0,,,,,,,,15131.256527900696,0.0001
1383545,2773,775.0,,,,,,,,15139.203071832657,0.0001
1384170,2774,800.0,,,,,,,,15146.921710968018,0.0001
1384672,2775,825.0,,,,,,,,15153.0966193676,0.0001
1385171,2776,425.0,,,,,,,,15159.318481683731,0.0001
1386074,2777,875.0,,,,,,,,15170.512860774994,0.0001
1386634,2778,4150.0,,,,,,,,15177.472871303558,0.0001
1387112,2779,825.0,,,,,,,,15183.400599241257,0.0001
1387746,2780,825.0,,,,,,,,15191.260780572891,0.0001
1388434,2781,500.0,,,,,,,,15199.778710365295,0.0001
1388999,2782,775.0,,,,,,,,15206.737921237946,0.0001
1389723,2783,550.0,,,,,,,,15215.683489084244,0.0001
1390220,2784,3950.0,,,,,,,,15221.86489701271,0.0001
1390783,2785,725.0,,,,,,,,15228.783307552338,0.0001
1391293,2786,350.0,,,,,,,,15235.104021072388,0.0001
1391885,2787,675.0,,,,,,,,15242.430008888245,0.0001
1392522,2788,450.0,,,,,,,,15250.31238436699,0.0001
1393402,2789,525.0,,,,,,,,15261.17301940918,0.0001
1393860,2790,375.0,,,,,,,,15266.756971359253,0.0001
1394584,2791,875.0,,,,,,,,15275.73445892334,0.0001
1395006,2792,375.0,,,,,,,,15280.958361625671,0.0001
1396021,2793,475.0,,,,,,,,15293.52892422676,0.0001
1396716,2794,725.0,,,,,,,,15302.113536119461,0.0001
1397275,2795,700.0,,,,,,,,15309.046074867249,0.0001
1397883,2796,750.0,,,,,,,,15316.632915019989,0.0001
1398745,2797,550.0,,,,,,,,15327.318635463715,0.0001
1399443,2798,375.0,,,,,,,,15335.981547832489,0.0001
1400169,2799,600.0,,,,,,,,15344.997879981995,0.0001
1401038,2800,500.0,,,,,,,,15355.688798666,0.0001
1401429,2801,425.0,,,,,,,,15360.592930316925,0.0001
1402665,2802,975.0,,,,,,,,15375.890463352203,0.0001
1403381,2803,1050.0,,,,,,,,15384.767840862274,0.0001
1404396,2804,500.0,,,,,,,,15397.232337713242,0.0001
1405035,2805,425.0,,,,,,,,15405.20328593254,0.0001
1405605,2806,550.0,,,,,,,,15412.21522450447,0.0001
1405925,2807,175.0,,,,,,,,15416.244314432144,0.0001
1406376,2808,350.0,,,,,,,,15421.766448259354,0.0001
1407015,2809,675.0,,,,,,,,15429.620894670486,0.0001
1407822,2810,550.0,,,,,,,,15439.591484308243,0.0001
1408568,2811,950.0,,,,,,,,15448.77510690689,0.0001
1409112,2812,725.0,,,,,,,,15455.52912402153,0.0001
1410001,2813,425.0,,,,,,,,15466.55444741249,0.0001
1410512,2814,350.0,,,,,,,,15472.881070375443,0.0001
1411574,2815,550.0,,,,,,,,15486.01505446434,0.0001
1412239,2816,3675.0,,,,,,,,15494.182601928711,0.0001
1412685,2817,375.0,,,,,,,,15499.740344762802,0.0001
1413218,2818,425.0,,,,,,,,15506.32096028328,0.0001
1414156,2819,1000.0,,,,,,,,15517.902948856354,0.0001
1415026,2820,575.0,,,,,,,,15528.681818962097,0.0001
1415381,2821,350.0,,,,,,,,15533.117163419724,0.0001
1416108,2822,1025.0,,,,,,,,15542.109498262405,0.0001
1416535,2823,625.0,,,,,,,,15547.405534267426,0.0001
1417052,2824,475.0,,,,,,,,15553.814690351486,0.0001
1417734,2825,775.0,,,,,,,,15562.274988651276,0.0001
1418219,2826,450.0,,,,,,,,15568.27225804329,0.0001
1419135,2827,475.0,,,,,,,,15579.648115634918,0.0001
1419490,2828,425.0,,,,,,,,15584.07250905037,0.0001
1420502,2829,450.0,,,,,,,,15596.586617946625,0.0001
1421302,2830,450.0,,,,,,,,15606.497393608093,0.0001
1422014,2831,850.0,,,,,,,,15615.299679279327,0.0001
1422366,2832,375.0,,,,,,,,15619.664379119873,0.0001
1422922,2833,825.0,,,,,,,,15626.567068338394,0.0001
1423801,2834,775.0,,,,,,,,15637.429701328278,0.0001
1424677,2835,450.0,,,,,,,,15648.28755235672,0.0001
1425603,2836,525.0,,,,,,,,15659.65895819664,0.0001
1426899,2837,3875.0,,,,,,,,15675.721443414688,0.0001
1427737,2838,500.0,,,,,,,,15686.127141952515,0.0001
1428516,2839,550.0,,,,,,,,15695.7720849514,0.0001
1429000,2840,700.0,,,,,,,,15701.766565322876,0.0001
1429784,2841,800.0,,,,,,,,15711.525782823563,0.0001
1430334,2842,800.0,,,,,,,,15718.356251478195,0.0001
1431469,2843,1075.0,,,,,,,,15732.408963441849,0.0001
1432041,2844,750.0,,,,,,,,15739.50034236908,0.0001
1432534,2845,625.0,,,,,,,,15745.5959815979,0.0001
1433404,2846,825.0,,,,,,,,15756.361903190613,0.0001
1434051,2847,675.0,,,,,,,,15764.409866809845,0.0001
1434519,2848,600.0,,,,,,,,15770.190727949142,0.0001
1435079,2849,775.0,,,,,,,,15777.144463777542,0.0001
1436125,2850,1050.0,,,,,,,,15790.014083147049,0.0001
1436448,2851,100.0,,,,,,,,15794.054157495499,0.0001
1436975,2852,700.0,,,,,,,,15800.609902858734,0.0001
1437784,2853,775.0,,,,,,,,15810.649495124817,0.0001
1438342,2854,750.0,,,,,,,,15817.58716583252,0.0001
1438756,2855,650.0,,,,,,,,15822.717556476593,0.0001
1439150,2856,350.0,,,,,,,,15827.603456497192,0.0001
1439764,2857,700.0,,,,,,,,15835.214133501053,0.0001
1440594,2858,550.0,,,,,,,,15845.477971315384,0.0001
1441398,2859,825.0,,,,,,,,15855.38607764244,0.0001
1442193,2860,475.0,,,,,,,,15865.278670549393,0.0001
1443118,2861,350.0,,,,,,,,15876.716043949127,0.0001
1443930,2862,800.0,,,,,,,,15886.808835983276,0.0001
1444890,2863,375.0,,,,,,,,15898.61680984497,0.0001
1445611,2864,500.0,,,,,,,,15907.50161743164,0.0001
1446590,2865,4225.0,,,,,,,,15919.678511619568,0.0001
1447444,2866,4100.0,,,,,,,,15930.187372922897,0.0001
1448126,2867,575.0,,,,,,,,15938.605123519897,0.0001
1449072,2868,550.0,,,,,,,,15950.24730849266,0.0001
1449573,2869,675.0,,,,,,,,15956.516416549683,0.0001
1450611,2870,825.0,,,,,,,,15969.245979070663,0.0001
1451331,2871,650.0,,,,,,,,15978.16476559639,0.0001
1451719,2872,300.0,,,,,,,,15982.952928304672,0.0001
1452836,2873,600.0,,,,,,,,15996.790951013565,0.0001
1453474,2874,700.0,,,,,,,,16004.713903903961,0.0001
1454107,2875,825.0,,,,,,,,16012.537940263748,0.0001
1454728,2876,500.0,,,,,,,,16020.257719993591,0.0001
1455414,2877,450.0,,,,,,,,16028.744241476059,0.0001
1455962,2878,875.0,,,,,,,,16035.522374391556,0.0001
1456715,2879,500.0,,,,,,,,16044.753087997437,0.0001
1457723,2880,1050.0,,,,,,,,16057.240799427032,0.0001
1458214,2881,625.0,,,,,,,,16063.37083864212,0.0001
1458988,2882,475.0,,,,,,,,16072.930390834808,0.0001
1460064,2883,4450.0,,,,,,,,16086.21100282669,0.0001
1460546,2884,350.0,,,,,,,,16092.204492330551,0.0001
1461514,2885,625.0,,,,,,,,16104.097038984299,0.0001
1462003,2886,375.0,,,,,,,,16110.19652056694,0.0001
1462907,2887,1325.0,,,,,,,,16121.448772907257,0.0001
1463579,2888,3850.0,,,,,,,,16129.84074139595,0.0001
1464329,2889,575.0,,,,,,,,16139.183320522308,0.0001
1465088,2890,525.0,,,,,,,,16148.56376671791,0.0001
1466027,2891,750.0,,,,,,,,16160.211448431015,0.0001
1466480,2892,425.0,,,,,,,,16165.785225868225,0.0001
1467073,2893,475.0,,,,,,,,16173.14658331871,0.0001
1467691,2894,4125.0,,,,,,,,16180.796340227127,0.0001
1468205,2895,800.0,,,,,,,,16187.1887216568,0.0001
1468936,2896,3800.0,,,,,,,,16196.210936307907,0.0001
1469945,2897,4575.0,,,,,,,,16208.757968187332,0.0001
1470653,2898,775.0,,,,,,,,16217.597784280777,0.0001
1471490,2899,775.0,,,,,,,,16227.997684001923,0.0001
1472379,2900,800.0,,,,,,,,16238.942120313644,0.0001
1473092,2901,875.0,,,,,,,,16247.776892185211,0.0001
1474112,2902,525.0,,,,,,,,16260.4054479599,0.0001
1474566,2903,350.0,,,,,,,,16266.0894947052,0.0001
1475117,2904,425.0,,,,,,,,16272.945085525513,0.0001
1475930,2905,1250.0,,,,,,,,16283.060892105103,0.0001
1476594,2906,650.0,,,,,,,,16291.272834062576,0.0001
1477381,2907,425.0,,,,,,,,16300.987112998962,0.0001
1478103,2908,825.0,,,,,,,,16309.89842414856,0.0001
1478852,2909,3900.0,,,,,,,,16319.172741889954,0.0001
1479380,2910,850.0,,,,,,,,16325.741420984268,0.0001
1480450,2911,1275.0,,,,,,,,16338.972266674042,0.0001
1481535,2912,1325.0,,,,,,,,16352.38234949112,0.0001
1482299,2913,575.0,,,,,,,,16361.823229789734,0.0001
1482958,2914,4175.0,,,,,,,,16369.983691215515,0.0001
1483984,2915,525.0,,,,,,,,16382.620255947113,0.0001
1484889,2916,875.0,,,,,,,,16393.839780569077,0.0001
1485336,2917,350.0,,,,,,,,16399.322860956192,0.0001
1485952,2918,550.0,,,,,,,,16406.96432352066,0.0001
1486702,2919,550.0,,,,,,,,16416.257068634033,0.0001
1487417,2920,575.0,,,,,,,,16425.243930101395,0.0001
1488079,2921,4150.0,,,,,,,,16433.393488407135,0.0001
1488978,2922,525.0,,,,,,,,16444.491136312485,0.0001
1489556,2923,825.0,,,,,,,,16451.68280506134,0.0001
1490068,2924,500.0,,,,,,,,16458.107578754425,0.0001
1490390,2925,175.0,,,,,,,,16462.202912330627,0.0001
1490687,2926,50.0,,,,,,,,16465.89310669899,0.0001
1490977,2927,50.0,,,,,,,,16469.540204286575,0.0001
1491778,2928,850.0,,,,,,,,16479.397676229477,0.0001
1492451,2929,325.0,,,,,,,,16487.730261564255,0.0001
1493395,2930,750.0,,,,,,,,16499.4279358387,0.0001
1493948,2931,750.0,,,,,,,,16506.298788309097,0.0001
1494591,2932,500.0,,,,,,,,16514.186933517456,0.0001
1495170,2933,1300.0,,,,,,,,16521.361307144165,0.0001
1495919,2934,800.0,,,,,,,,16530.632058382034,0.0001
1496706,2935,3850.0,,,,,,,,16540.36216020584,0.0001
1497108,2936,425.0,,,,,,,,16545.3226313591,0.0001
1497789,2937,4150.0,,,,,,,,16553.83771753311,0.0001
1498662,2938,650.0,,,,,,,,16564.65487933159,0.0001
1499825,2939,4775.0,,,,,,,,16579.078845262527,0.0001
1500760,2940,825.0,,,,,,,,16590.651324033737,0.0001
1501659,2941,1075.0,,,,,,,,16601.88505268097,0.0001
1502067,2942,325.0,,,,,,,,16606.96068239212,0.0001
1503121,2943,1325.0,,,,,,,,16620.055639743805,0.0001
1503796,2944,700.0,,,,,,,,16628.454132318497,0.0001
1504415,2945,425.0,,,,,,,,16636.08503818512,0.0001
1504873,2946,375.0,,,,,,,,16641.86329483986,0.0001
1505925,2947,475.0,,,,,,,,16654.850504875183,0.0001
1506938,2948,525.0,,,,,,,,16667.3701069355,0.0001
1507552,2949,450.0,,,,,,,,16674.97601699829,0.0001
1508112,2950,750.0,,,,,,,,16681.980622529984,0.0001
1508678,2951,475.0,,,,,,,,16689.007796287537,0.0001
1509518,2952,750.0,,,,,,,,16699.385595798492,0.0001
1510220,2953,400.0,,,,,,,,16708.01814341545,0.0001
1510711,2954,850.0,,,,,,,,16714.13355565071,0.0001
1511429,2955,1025.0,,,,,,,,16723.017591953278,0.0001
1512093,2956,625.0,,,,,,,,16731.317241191864,0.0001
1512918,2957,1300.0,,,,,,,,16741.488163232803,0.0001
1513822,2958,825.0,,,,,,,,16752.712406873703,0.0001
1514338,2959,4050.0,,,,,,,,16759.109609127045,0.0001
1515354,2960,4075.0,,,,,,,,16771.672170877457,0.0001
1515697,2961,450.0,,,,,,,,16775.935782194138,0.0001
1516377,2962,825.0,,,,,,,,16784.38773202896,0.0001
1516981,2963,775.0,,,,,,,,16791.908454418182,0.0001
1517578,2964,4050.0,,,,,,,,16799.334473371506,0.0001
1518264,2965,575.0,,,,,,,,16807.81758403778,0.0001
1519202,2966,4150.0,,,,,,,,16819.432253599167,0.0001
1520121,2967,5100.0,,,,,,,,16830.890676498413,0.0001
1520640,2968,700.0,,,,,,,,16837.261691331863,0.0001
1521482,2969,550.0,,,,,,,,16847.691782474518,0.0001
1522102,2970,825.0,,,,,,,,16855.38459587097,0.0001
1522678,2971,750.0,,,,,,,,16862.498893737793,0.0001
1523716,2972,525.0,,,,,,,,16875.328961372375,0.0001
1524730,2973,750.0,,,,,,,,16887.914270162582,0.0001
1525303,2974,800.0,,,,,,,,16895.106225967407,0.0001
1525957,2975,800.0,,,,,,,,16903.287914037704,0.0001
1526573,2976,800.0,,,,,,,,16910.894885778427,0.0001
1527641,2977,4750.0,,,,,,,,16924.094742298126,0.0001
1528442,2978,1075.0,,,,,,,,16934.006286382675,0.0001
1529079,2979,500.0,,,,,,,,16941.916897535324,0.0001
1529721,2980,825.0,,,,,,,,16949.894261598587,0.0001
1530345,2981,500.0,,,,,,,,16957.613758563995,0.0001
1531200,2982,875.0,,,,,,,,16968.15216398239,0.0001
1531854,2983,800.0,,,,,,,,16976.33188199997,0.0001
1532382,2984,450.0,,,,,,,,16982.871502399445,0.0001
1533071,2985,875.0,,,,,,,,16991.441623687744,0.0001
1533560,2986,850.0,,,,,,,,16997.51001572609,0.0001
1534237,2987,600.0,,,,,,,,17005.88059902191,0.0001
1535492,2988,1075.0,,,,,,,,17021.405393600464,0.0001
1536337,2989,800.0,,,,,,,,17031.962700366974,0.0001
1537002,2990,3725.0,,,,,,,,17040.267991542816,0.0001
1537767,2991,4625.0,,,,,,,,17049.766429185867,0.0001
1538502,2992,4525.0,,,,,,,,17058.812492370605,0.0001
1539081,2993,875.0,,,,,,,,17066.00780725479,0.0001
1540079,2994,625.0,,,,,,,,17078.421000242233,0.0001
1540823,2995,475.0,,,,,,,,17087.642643928528,0.0001
1541643,2996,800.0,,,,,,,,17097.883630514145,0.0001
1542486,2997,4625.0,,,,,,,,17108.331423521042,0.0001
1543146,2998,3950.0,,,,,,,,17116.572692394257,0.0001
1544047,2999,3925.0,,,,,,,,17127.692860364914,0.0001
1544923,3000,500.0,,,,,,,,17138.575491428375,0.0001
1545579,3001,3975.0,,,,,,,,17146.688629865646,0.0001
1546037,3002,550.0,,,,,,,,17152.420976400375,0.0001
1546781,3003,1325.0,,,,,,,,17161.705907344818,0.0001
1547314,3004,475.0,,,,,,,,17168.338692188263,0.0001
1547758,3005,350.0,,,,,,,,17173.90385246277,0.0001
1548322,3006,850.0,,,,,,,,17180.894289016724,0.0001
1549340,3007,425.0,,,,,,,,17193.466562986374,0.0001
1550235,3008,850.0,,,,,,,,17204.62166285515,0.0001
1550803,3009,525.0,,,,,,,,17211.65772128105,0.0001
1551504,3010,400.0,,,,,,,,17220.382436275482,0.0001
1552251,3011,1375.0,,,,,,,,17229.684856653214,0.0001
1552683,3012,300.0,,,,,,,,17235.081782341003,0.0001
1553389,3013,825.0,,,,,,,,17243.84137558937,0.0001
1554429,3014,550.0,,,,,,,,17256.662455558777,0.0001
1555667,3015,600.0,,,,,,,,17271.936242818832,0.0001
1556148,3016,475.0,,,,,,,,17277.90112900734,0.0001
1556628,3017,350.0,,,,,,,,17283.898737192154,0.0001
1557176,3018,500.0,,,,,,,,17290.704984903336,0.0001
1558183,3019,525.0,,,,,,,,17303.11464715004,0.0001
1558772,3020,825.0,,,,,,,,17310.366498470306,0.0001
1559350,3021,775.0,,,,,,,,17317.55690765381,0.0001
1559818,3022,725.0,,,,,,,,17323.350348711014,0.0001
1560338,3023,500.0,,,,,,,,17329.797206401825,0.0001
1561163,3024,625.0,,,,,,,,17340.078400850296,0.0001
1561924,3025,525.0,,,,,,,,17349.532259464264,0.0001
1562632,3026,500.0,,,,,,,,17358.384507894516,0.0001
1563226,3027,800.0,,,,,,,,17365.758364915848,0.0001
1563652,3028,325.0,,,,,,,,17371.02042078972,0.0001
1564772,3029,3725.0,,,,,,,,17384.78641104698,0.0001
1565483,3030,650.0,,,,,,,,17393.601746559143,0.0001
1566458,3031,3875.0,,,,,,,,17405.695573806763,0.0001
1567111,3032,4050.0,,,,,,,,17413.808537244797,0.0001
1568072,3033,850.0,,,,,,,,17425.669565677643,0.0001
1568884,3034,425.0,,,,,,,,17435.720235586166,0.0001
1569727,3035,3750.0,,,,,,,,17446.186124563217,0.0001
1570536,3036,650.0,,,,,,,,17456.276033639908,0.0001
1571132,3037,725.0,,,,,,,,17463.62633705139,0.0001
1572443,3038,1050.0,,,,,,,,17479.845229148865,0.0001
1573089,3039,1325.0,,,,,,,,17487.84905076027,0.0001
1573935,3040,4650.0,,,,,,,,17498.358116149902,0.0001
1574907,3041,4100.0,,,,,,,,17510.34065103531,0.0001
1575418,3042,475.0,,,,,,,,17516.719914913177,0.0001
1576178,3043,775.0,,,,,,,,17526.159940719604,0.0001
1577000,3044,575.0,,,,,,,,17536.36007785797,0.0001
1578298,3045,4125.0,,,,,,,,17552.42564702034,0.0001
1579158,3046,1250.0,,,,,,,,17563.16210961342,0.0001
1580170,3047,400.0,,,,,,,,17575.639924526215,0.0001
1580980,3048,675.0,,,,,,,,17585.660715818405,0.0001
1581784,3049,500.0,,,,,,,,17595.707585811615,0.0001
1582821,3050,650.0,,,,,,,,17608.569902181625,0.0001
1583582,3051,4450.0,,,,,,,,17617.95950937271,0.0001
1584585,3052,650.0,,,,,,,,17630.4063038826,0.0001
1585688,3053,950.0,,,,,,,,17643.956660032272,0.0001
1586315,3054,500.0,,,,,,,,17651.771733522415,0.0001
1587183,3055,4150.0,,,,,,,,17662.552302122116,0.0001
1588048,3056,1300.0,,,,,,,,17673.227083444595,0.0001
1588800,3057,525.0,,,,,,,,17682.604462385178,0.0001
1589243,3058,375.0,,,,,,,,17688.048744916916,0.0001
1589734,3059,325.0,,,,,,,,17694.161274909973,0.0001
1590492,3060,525.0,,,,,,,,17703.497801303864,0.0001
1591207,3061,775.0,,,,,,,,17712.42762517929,0.0001
1591604,3062,650.0,,,,,,,,17717.338133573532,0.0001
1592215,3063,400.0,,,,,,,,17724.932994127274,0.0001
1592736,3064,725.0,,,,,,,,17731.401218175888,0.0001
1593144,3065,750.0,,,,,,,,17736.468702316284,0.0001
1593789,3066,675.0,,,,,,,,17744.46969628334,0.0001
1594829,3067,4750.0,,,,,,,,17757.319900512695,0.0001
1595650,3068,850.0,,,,,,,,17767.514939308167,0.0001
1596291,3069,4025.0,,,,,,,,17775.4176633358,0.0001
1597065,3070,4675.0,,,,,,,,17785.02615714073,0.0001
1597810,3071,4125.0,,,,,,,,17794.26351928711,0.0001
1598309,3072,425.0,,,,,,,,17800.447968006134,0.0001
1599112,3073,3750.0,,,,,,,,17810.427996635437,0.0001
1599750,3074,750.0,,,,,,,,17818.330131292343,0.0001
1600537,3075,1350.0,,,,,,,,17828.095547914505,0.0001
1601148,3076,4150.0,,,,,,,,17835.611581802368,0.0001
1601738,3077,750.0,,,,,,,,17842.962755203247,0.0001
1602798,3078,4175.0,,,,,,,,17856.093945503235,0.0001
1603453,3079,450.0,,,,,,,,17864.235850811005,0.0001
1603939,3080,4050.0,,,,,,,,17870.255895614624,0.0001
1604305,3081,600.0,,,,,,,,17874.79705762863,0.0001
1605303,3082,500.0,,,,,,,,17887.238038539886,0.0001
1606654,3083,1350.0,,,,,,,,17903.939298391342,0.0001
1607559,3084,4025.0,,,,,,,,17915.1858253479,0.0001
1608450,3085,4125.0,,,,,,,,17926.15634536743,0.0001
1609304,3086,3850.0,,,,,,,,17936.732756614685,0.0001
1609967,3087,850.0,,,,,,,,17945.031291484833,0.0001
1610703,3088,1225.0,,,,,,,,17954.167340755463,0.0001
1611558,3089,825.0,,,,,,,,17964.788180828094,0.0001
1612329,3090,4250.0,,,,,,,,17974.420860290527,0.0001
1612920,3091,475.0,,,,,,,,17981.684103012085,0.0001
1613950,3092,4125.0,,,,,,,,17994.379103660583,0.0001
1614526,3093,4200.0,,,,,,,,18001.527903318405,0.0001
1615356,3094,825.0,,,,,,,,18011.77373456955,0.0001
1615903,3095,850.0,,,,,,,,18018.636935949326,0.0001
1616844,3096,600.0,,,,,,,,18030.276668310165,0.0001
1617335,3097,675.0,,,,,,,,18036.36421918869,0.0001
1617990,3098,4175.0,,,,,,,,18044.56359553337,0.0001
1618620,3099,575.0,,,,,,,,18052.340000867844,0.0001
1619480,3100,4150.0,,,,,,,,18063.05377817154,0.0001
1620124,3101,800.0,,,,,,,,18071.034291028976,0.0001
1620903,3102,1125.0,,,,,,,,18080.71397805214,0.0001
1621559,3103,525.0,,,,,,,,18088.821557044983,0.0001
1622607,3104,4575.0,,,,,,,,18101.767454624176,0.0001
1623416,3105,775.0,,,,,,,,18111.79627108574,0.0001
1624070,3106,500.0,,,,,,,,18119.878150224686,0.0001
1624534,3107,800.0,,,,,,,,18125.61447405815,0.0001
1625110,3108,450.0,,,,,,,,18132.81139421463,0.0001
1625705,3109,800.0,,,,,,,,18140.201127052307,0.0001
1626563,3110,500.0,,,,,,,,18150.844527244568,0.0001
1627487,3111,950.0,,,,,,,,18162.29821753502,0.0001
1628372,3112,825.0,,,,,,,,18173.285051584244,0.0001
1629195,3113,550.0,,,,,,,,18183.473185300827,0.0001
1629763,3114,300.0,,,,,,,,18190.562595129013,0.0001
1630355,3115,825.0,,,,,,,,18197.90806865692,0.0001
1631149,3116,4200.0,,,,,,,,18207.773252010345,0.0001
1631771,3117,700.0,,,,,,,,18215.465670347214,0.0001
1632317,3118,475.0,,,,,,,,18222.252054691315,0.0001
1633024,3119,400.0,,,,,,,,18231.004710674286,0.0001
1633930,3120,900.0,,,,,,,,18242.22302365303,0.0001
1634638,3121,525.0,,,,,,,,18251.040877103806,0.0001
1635626,3122,1350.0,,,,,,,,18263.29119348526,0.0001
1636478,3123,1325.0,,,,,,,,18273.85770726204,0.0001
1637209,3124,525.0,,,,,,,,18282.840057849884,0.0001
1638030,3125,4125.0,,,,,,,,18292.972867012024,0.0001
1638739,3126,4150.0,,,,,,,,18301.758450984955,0.0001
1639528,3127,525.0,,,,,,,,18311.46369409561,0.0001
1640085,3128,4175.0,,,,,,,,18318.3544421196,0.0001
1640990,3129,4250.0,,,,,,,,18329.50936102867,0.0001
1641505,3130,4075.0,,,,,,,,18335.903826713562,0.0001
1642076,3131,4075.0,,,,,,,,18342.89823937416,0.0001
1642777,3132,4275.0,,,,,,,,18351.600219488144,0.0001
1643289,3133,475.0,,,,,,,,18357.988280773163,0.0001
1643926,3134,4200.0,,,,,,,,18365.843306303024,0.0001
1644669,3135,4150.0,,,,,,,,18375.006717681885,0.0001
1645542,3136,4175.0,,,,,,,,18385.834313631058,0.0001
1646268,3137,400.0,,,,,,,,18394.816413879395,0.0001
1646965,3138,1050.0,,,,,,,,18403.347200393677,0.0001
1647362,3139,675.0,,,,,,,,18408.142323732376,0.0001
1648258,3140,925.0,,,,,,,,18419.04921412468,0.0001
1649216,3141,4625.0,,,,,,,,18430.758086681366,0.0001
1649995,3142,1325.0,,,,,,,,18440.23573565483,0.0001
1650697,3143,4125.0,,,,,,,,18448.790772914886,0.0001
1651352,3144,950.0,,,,,,,,18456.72853422165,0.0001
1652153,3145,475.0,,,,,,,,18466.486158132553,0.0001
1653023,3146,1050.0,,,,,,,,18477.203178167343,0.0001
1653806,3147,4125.0,,,,,,,,18486.700154304504,0.0001
1654356,3148,4125.0,,,,,,,,18493.34804916382,0.0001
1655158,3149,525.0,,,,,,,,18503.160915374756,0.0001
1656151,3150,4800.0,,,,,,,,18515.21088218689,0.0001
1656948,3151,4650.0,,,,,,,,18524.846599578857,0.0001
1657526,3152,3775.0,,,,,,,,18531.859513759613,0.0001
1658365,3153,3775.0,,,,,,,,18542.17220544815,0.0001
1658936,3154,475.0,,,,,,,,18549.18858885765,0.0001
1659811,3155,850.0,,,,,,,,18560.034439325333,0.0001
1660652,3156,4075.0,,,,,,,,18570.507889032364,0.0001
1661590,3157,475.0,,,,,,,,18582.097591876984,0.0001
1662437,3158,1275.0,,,,,,,,18592.645153284073,0.0001
1662983,3159,4075.0,,,,,,,,18599.410016059875,0.0001
1663377,3160,400.0,,,,,,,,18604.35772204399,0.0001
1664301,3161,4300.0,,,,,,,,18615.921319007874,0.0001
1665002,3162,975.0,,,,,,,,18624.58053088188,0.0001
1665591,3163,4050.0,,,,,,,,18631.91139960289,0.0001
1666589,3164,4475.0,,,,,,,,18644.292755126953,0.0001
1667146,3165,4000.0,,,,,,,,18651.2171895504,0.0001
1668061,3166,4525.0,,,,,,,,18662.646884441376,0.0001
1668933,3167,475.0,,,,,,,,18673.526418209076,0.0001
1669602,3168,825.0,,,,,,,,18681.792227983475,0.0001
1670325,3169,4250.0,,,,,,,,18690.82118010521,0.0001
1670788,3170,800.0,,,,,,,,18696.55837035179,0.0001
1671606,3171,825.0,,,,,,,,18706.792023420334,0.0001
1672365,3172,4250.0,,,,,,,,18716.26283121109,0.0001
1673195,3173,675.0,,,,,,,,18726.512790203094,0.0001
1673648,3174,700.0,,,,,,,,18732.156514644623,0.0001
1674043,3175,750.0,,,,,,,,18737.074860572815,0.0001
1674970,3176,325.0,,,,,,,,18748.65074825287,0.0001
1675737,3177,375.0,,,,,,,,18758.178387641907,0.0001
1676907,3178,4300.0,,,,,,,,18772.661935806274,0.0001
1677601,3179,725.0,,,,,,,,18781.30895590782,0.0001
1678446,3180,3675.0,,,,,,,,18791.76188468933,0.0001
1678864,3181,575.0,,,,,,,,18796.91033577919,0.0001
1679939,3182,325.0,,,,,,,,18810.239315509796,0.0001
1680601,3183,475.0,,,,,,,,18818.51705646515,0.0001
1681192,3184,4100.0,,,,,,,,18825.882319688797,0.0001
1681849,3185,4200.0,,,,,,,,18834.122934818268,0.0001
1682288,3186,400.0,,,,,,,,18839.614318609238,0.0001
1682986,3187,875.0,,,,,,,,18848.35254597664,0.0001
1683261,3188,0.0,,,,,,,,18851.808447122574,0.0001
1683972,3189,900.0,,,,,,,,18860.59871196747,0.0001
1684667,3190,4025.0,,,,,,,,18869.25333070755,0.0001
1685715,3191,4525.0,,,,,,,,18882.2483420372,0.0001
1686021,3192,125.0,,,,,,,,18886.05706501007,0.0001
1686705,3193,425.0,,,,,,,,18894.53671836853,0.0001
1687292,3194,475.0,,,,,,,,18901.79758787155,0.0001
1688123,3195,4625.0,,,,,,,,18912.104655265808,0.0001
1688790,3196,525.0,,,,,,,,18920.405158042908,0.0001
1689714,3197,4300.0,,,,,,,,18931.825568199158,0.0001
1690485,3198,4125.0,,,,,,,,18941.406188964844,0.0001
1691470,3199,4125.0,,,,,,,,18953.621500730515,0.0001
1692153,3200,4600.0,,,,,,,,18962.079689502716,0.0001
1692679,3201,400.0,,,,,,,,18968.604457378387,0.0001
1693599,3202,725.0,,,,,,,,18980.004935741425,0.0001
1694316,3203,3800.0,,,,,,,,18988.840861082077,0.0001
1695254,3204,4150.0,,,,,,,,19000.515463352203,0.0001
1695907,3205,850.0,,,,,,,,19008.608914613724,0.0001
1696413,3206,750.0,,,,,,,,19014.91260290146,0.0001
1697341,3207,725.0,,,,,,,,19026.429386615753,0.0001
1697922,3208,4625.0,,,,,,,,19033.631361722946,0.0001
1698631,3209,750.0,,,,,,,,19042.34341931343,0.0001
1699397,3210,4025.0,,,,,,,,19051.925646066666,0.0001
1700198,3211,750.0,,,,,,,,19061.83114528656,0.0001
1700890,3212,1275.0,,,,,,,,19070.362864255905,0.0001
1701463,3213,1250.0,,,,,,,,19077.44550395012,0.0001
1702200,3214,400.0,,,,,,,,19086.563913345337,0.0001
1703249,3215,825.0,,,,,,,,19099.544261455536,0.0001
1703978,3216,350.0,,,,,,,,19108.623955965042,0.0001
1704584,3217,4000.0,,,,,,,,19116.111893177032,0.0001
1705401,3218,1425.0,,,,,,,,19126.279316186905,0.0001
1706315,3219,850.0,,,,,,,,19137.60424566269,0.0001
1706957,3220,925.0,,,,,,,,19145.649379253387,0.0001
1707612,3221,4500.0,,,,,,,,19153.676245689392,0.0001
1708333,3222,1300.0,,,,,,,,19162.6173453331,0.0001
1709252,3223,1350.0,,,,,,,,19173.696506500244,0.0001
1710562,3224,5025.0,,,,,,,,19189.687796592712,0.0001
1711575,3225,1425.0,,,,,,,,19202.00685286522,0.0001
1712908,3226,4575.0,,,,,,,,19218.19916152954,0.0001
1713520,3227,4100.0,,,,,,,,19225.64173746109,0.0001
1714379,3228,4750.0,,,,,,,,19236.162162303925,0.0001
1715138,3229,4150.0,,,,,,,,19245.37038207054,0.0001
1715712,3230,775.0,,,,,,,,19252.37461900711,0.0001
1716580,3231,725.0,,,,,,,,19262.962409496307,0.0001
1717466,3232,4625.0,,,,,,,,19273.803449630737,0.0001
1718494,3233,400.0,,,,,,,,19286.53769659996,0.0001
1719380,3234,1425.0,,,,,,,,19297.47259902954,0.0001
1720072,3235,500.0,,,,,,,,19305.8680267334,0.0001
1720616,3236,725.0,,,,,,,,19312.49379634857,0.0001
1721364,3237,800.0,,,,,,,,19321.5667822361,0.0001
1721917,3238,525.0,,,,,,,,19328.330156087875,0.0001
1722733,3239,1350.0,,,,,,,,19338.268809080124,0.0001
1723499,3240,4125.0,,,,,,,,19347.50541448593,0.0001
1724468,3241,1325.0,,,,,,,,19359.254364728928,0.0001
1725118,3242,3800.0,,,,,,,,19367.17789697647,0.0001
1725779,3243,4025.0,,,,,,,,19375.18798303604,0.0001
1726832,3244,4725.0,,,,,,,,19388.27557182312,0.0001
1727882,3245,4200.0,,,,,,,,19401.25306200981,0.0001
1728741,3246,4000.0,,,,,,,,19411.97069478035,0.0001
1729953,3247,5025.0,,,,,,,,19426.965690374374,0.0001
1730857,3248,4200.0,,,,,,,,19438.21991968155,0.0001
1731600,3249,4125.0,,,,,,,,19447.468789577484,0.0001
1732534,3250,525.0,,,,,,,,19458.93744826317,0.0001
1733701,3251,4625.0,,,,,,,,19473.411709308624,0.0001
1734739,3252,4150.0,,,,,,,,19486.2372443676,0.0001
1735556,3253,450.0,,,,,,,,19496.306585788727,0.0001
1736108,3254,1275.0,,,,,,,,19503.15242910385,0.0001
1737024,3255,4250.0,,,,,,,,19514.5552983284,0.0001
1737848,3256,4025.0,,,,,,,,19524.781022548676,0.0001
1738389,3257,850.0,,,,,,,,19531.531760454178,0.0001
1739269,3258,4050.0,,,,,,,,19542.39026618004,0.0001
1739941,3259,1350.0,,,,,,,,19550.698727607727,0.0001
1740983,3260,1300.0,,,,,,,,19563.592124462128,0.0001
1741657,3261,475.0,,,,,,,,19571.957374572754,0.0001
1742496,3262,4275.0,,,,,,,,19582.389709949493,0.0001
1743078,3263,525.0,,,,,,,,19589.61489224434,0.0001
1743631,3264,4125.0,,,,,,,,19596.49583005905,0.0001
1744397,3265,4150.0,,,,,,,,19606.059604406357,0.0001
1745277,3266,4000.0,,,,,,,,19616.909311056137,0.0001
1746063,3267,4025.0,,,,,,,,19626.58752822876,0.0001
1746962,3268,1350.0,,,,,,,,19637.77408504486,0.0001
1747730,3269,1300.0,,,,,,,,19647.342551231384,0.0001
1748679,3270,875.0,,,,,,,,19659.159900665283,0.0001
1749245,3271,4125.0,,,,,,,,19666.191185712814,0.0001
1750120,3272,4200.0,,,,,,,,19677.035540819168,0.0001
1750833,3273,1125.0,,,,,,,,19685.872810840607,0.0001
1751424,3274,525.0,,,,,,,,19693.198443174362,0.0001
1752132,3275,4025.0,,,,,,,,19702.00842809677,0.0001
1753340,3276,4200.0,,,,,,,,19717.052183151245,0.0001
1754042,3277,475.0,,,,,,,,19725.76503109932,0.0001
1754721,3278,750.0,,,,,,,,19734.22460770607,0.0001
1755653,3279,700.0,,,,,,,,19745.69043636322,0.0001
1756136,3280,850.0,,,,,,,,19751.741021871567,0.0001
1756995,3281,775.0,,,,,,,,19762.40122294426,0.0001
1757827,3282,1275.0,,,,,,,,19772.715649604797,0.0001
1758667,3283,3675.0,,,,,,,,19783.180017709732,0.0001
1759330,3284,550.0,,,,,,,,19791.434422016144,0.0001
1760083,3285,475.0,,,,,,,,19800.721921920776,0.0001
1760864,3286,525.0,,,,,,,,19810.345355033875,0.0001
1761593,3287,1325.0,,,,,,,,19819.382314682007,0.0001
1762615,3288,4350.0,,,,,,,,19832.136949300766,0.0001
1763073,3289,250.0,,,,,,,,19837.8605363369,0.0001
1763893,3290,325.0,,,,,,,,19848.029450178146,0.0001
1765119,3291,875.0,,,,,,,,19863.179944753647,0.0001
1766108,3292,4850.0,,,,,,,,19875.481122732162,0.0001
1766445,3293,300.0,,,,,,,,19879.72448706627,0.0001
1767568,3294,1000.0,,,,,,,,19893.434609413147,0.0001
1768112,3295,450.0,,,,,,,,19900.083869695663,0.0001
1768783,3296,550.0,,,,,,,,19908.311817646027,0.0001
1769363,3297,725.0,,,,,,,,19915.493537902832,0.0001
1770344,3298,850.0,,,,,,,,19927.62507200241,0.0001
1771246,3299,1025.0,,,,,,,,19938.80760884285,0.0001
1771979,3300,650.0,,,,,,,,19947.900840997696,0.0001
1772844,3301,525.0,,,,,,,,19958.62714290619,0.0001
1774367,3302,975.0,,,,,,,,19977.56766796112,0.0001
1774810,3303,200.0,,,,,,,,19983.06110739708,0.0001
1775149,3304,175.0,,,,,,,,19987.28530573845,0.0001
1775627,3305,800.0,,,,,,,,19993.237629175186,0.0001
1776098,3306,250.0,,,,,,,,19999.101942062378,0.0001
1776865,3307,4725.0,,,,,,,,20008.592616558075,0.0001
1777420,3308,1275.0,,,,,,,,20015.41855072975,0.0001
1777930,3309,775.0,,,,,,,,20021.76766228676,0.0001
1778698,3310,825.0,,,,,,,,20031.29448056221,0.0001
1779622,3311,4250.0,,,,,,,,20042.72682404518,0.0001
1780615,3312,4700.0,,,,,,,,20055.057891130447,0.0001
1781554,3313,1000.0,,,,,,,,20066.740898370743,0.0001
1782110,3314,1250.0,,,,,,,,20073.684443712234,0.0001
1783252,3315,4775.0,,,,,,,,20087.807634353638,0.0001
1784096,3316,475.0,,,,,,,,20098.248373508453,0.0001
1784808,3317,750.0,,,,,,,,20107.11598467827,0.0001
1785699,3318,4650.0,,,,,,,,20118.131124019623,0.0001
1786940,3319,4300.0,,,,,,,,20133.552256822586,0.0001
1787622,3320,800.0,,,,,,,,20142.00972723961,0.0001
1788164,3321,525.0,,,,,,,,20148.73042368889,0.0001
1788992,3322,700.0,,,,,,,,20158.970682382584,0.0001
1789535,3323,375.0,,,,,,,,20165.7058904171,0.0001
1790161,3324,450.0,,,,,,,,20173.524949789047,0.0001
1791159,3325,4975.0,,,,,,,,20185.87996816635,0.0001
1791719,3326,725.0,,,,,,,,20192.800497293472,0.0001
1792447,3327,4100.0,,,,,,,,20201.86109995842,0.0001
1793315,3328,4125.0,,,,,,,,20212.582128047943,0.0001
1794339,3329,4650.0,,,,,,,,20225.22604417801,0.0001
1795043,3330,725.0,,,,,,,,20233.907581329346,0.0001
1795935,3331,4575.0,,,,,,,,20244.929372787476,0.0001
1796688,3332,825.0,,,,,,,,20254.211292505264,0.0001
1797732,3333,1025.0,,,,,,,,20267.197098255157,0.0001
1798463,3334,1350.0,,,,,,,,20276.322514533997,0.0001
1799285,3335,400.0,,,,,,,,20286.551199436188,0.0001
1799835,3336,1250.0,,,,,,,,20293.43354177475,0.0001
1800509,3337,4275.0,,,,,,,,20301.79731631279,0.0001
1801370,3338,1325.0,,,,,,,,20312.494256734848,0.0001
1802174,3339,4450.0,,,,,,,,20322.47561621666,0.0001
1803107,3340,1350.0,,,,,,,,20334.024775981903,0.0001
1803551,3341,325.0,,,,,,,,20339.582797050476,0.0001
1804835,3342,4475.0,,,,,,,,20355.48406267166,0.0001
1805198,3343,300.0,,,,,,,,20360.03523659706,0.0001
1806253,3344,900.0,,,,,,,,20373.099618434906,0.0001
1806943,3345,3950.0,,,,,,,,20381.6385846138,0.0001
1807813,3346,500.0,,,,,,,,20392.47594499588,0.0001
1808992,3347,4875.0,,,,,,,,20407.102795124054,0.0001
1810279,3348,4800.0,,,,,,,,20422.9767870903,0.0001
1810994,3349,550.0,,,,,,,,20431.944605350494,0.0001
1811890,3350,4650.0,,,,,,,,20443.06942987442,0.0001
1813300,3351,4825.0,,,,,,,,20460.51877641678,0.0001
1813871,3352,450.0,,,,,,,,20467.6719186306,0.0001
1814684,3353,375.0,,,,,,,,20477.742053747177,0.0001
1815477,3354,675.0,,,,,,,,20487.68214583397,0.0001
1816101,3355,1275.0,,,,,,,,20495.353147506714,0.0001
1817323,3356,5225.0,,,,,,,,20510.45413541794,0.0001
1817799,3357,750.0,,,,,,,,20516.403366088867,0.0001
1818755,3358,4750.0,,,,,,,,20528.225522756577,0.0001
1819444,3359,4250.0,,,,,,,,20536.81535053253,0.0001
1820060,3360,1250.0,,,,,,,,20544.444140195847,0.0001
1820860,3361,4125.0,,,,,,,,20554.354951381683,0.0001
1821674,3362,4550.0,,,,,,,,20564.486926078796,0.0001
1822497,3363,4725.0,,,,,,,,20574.729674100876,0.0001
1822966,3364,750.0,,,,,,,,20580.5614631176,0.0001
1824281,3365,4025.0,,,,,,,,20596.91932272911,0.0001
1825099,3366,925.0,,,,,,,,20606.955172777176,0.0001
1825938,3367,3800.0,,,,,,,,20617.381913661957,0.0001
1826345,3368,725.0,,,,,,,,20622.510027885437,0.0001
1826851,3369,3950.0,,,,,,,,20628.808792829514,0.0001
1827717,3370,4325.0,,,,,,,,20639.577810764313,0.0001
1828312,3371,375.0,,,,,,,,20647.02116751671,0.0001
1829129,3372,4475.0,,,,,,,,20657.234673023224,0.0001
1830260,3373,1050.0,,,,,,,,20671.216099262238,0.0001
1831402,3374,4625.0,,,,,,,,20685.33560371399,0.0001
1831814,3375,675.0,,,,,,,,20690.344848155975,0.0001
1832849,3376,4775.0,,,,,,,,20702.884962797165,0.0001
1834000,3377,4425.0,,,,,,,,20716.757306575775,0.0001
1834446,3378,350.0,,,,,,,,20722.188089370728,0.0001
1834998,3379,525.0,,,,,,,,20728.926434516907,0.0001
1835840,3380,4075.0,,,,,,,,20739.229890823364,0.0001
1836247,3381,725.0,,,,,,,,20744.277490615845,0.0001
1837269,3382,550.0,,,,,,,,20756.987730264664,0.0001
1837861,3383,4275.0,,,,,,,,20764.349627256393,0.0001
1839022,3384,5200.0,,,,,,,,20778.82187151909,0.0001
1839704,3385,4100.0,,,,,,,,20787.229578256607,0.0001
1840729,3386,4875.0,,,,,,,,20799.99919629097,0.0001
1841708,3387,4075.0,,,,,,,,20812.192866563797,0.0001
1842533,3388,4225.0,,,,,,,,20822.3969476223,0.0001
1843278,3389,4425.0,,,,,,,,20831.634462594986,0.0001
1843864,3390,4175.0,,,,,,,,20838.84348320961,0.0001
1844735,3391,400.0,,,,,,,,20849.559782743454,0.0001
1845405,3392,4175.0,,,,,,,,20857.975616693497,0.0001
1846070,3393,4075.0,,,,,,,,20866.268979787827,0.0001
1846765,3394,675.0,,,,,,,,20874.84700536728,0.0001
1847572,3395,4225.0,,,,,,,,20884.83478116989,0.0001
1848306,3396,4200.0,,,,,,,,20893.967890024185,0.0001
1849134,3397,4150.0,,,,,,,,20904.247497558594,0.0001
1849768,3398,4025.0,,,,,,,,20912.11967396736,0.0001
1850655,3399,4350.0,,,,,,,,20923.147574424744,0.0001
1851420,3400,4175.0,,,,,,,,20932.61884880066,0.0001
1851992,3401,700.0,,,,,,,,20939.716824769974,0.0001
1852530,3402,425.0,,,,,,,,20946.367072343826,0.0001
1853510,3403,525.0,,,,,,,,20958.431998968124,0.0001
1854191,3404,4000.0,,,,,,,,20966.836453914642,0.0001
1855274,3405,4200.0,,,,,,,,20980.208107471466,0.0001
1856015,3406,4225.0,,,,,,,,20989.355881929398,0.0001
1856687,3407,4050.0,,,,,,,,20997.746284246445,0.0001
1857327,3408,1300.0,,,,,,,,21005.670642852783,0.0001
1858054,3409,1300.0,,,,,,,,21014.650086164474,0.0001
1858729,3410,800.0,,,,,,,,21023.012615203857,0.0001
1859283,3411,4125.0,,,,,,,,21029.874445915222,0.0001
1859859,3412,500.0,,,,,,,,21037.01224541664,0.0001
1860511,3413,4200.0,,,,,,,,21045.111670732498,0.0001
1861299,3414,4300.0,,,,,,,,21054.85533428192,0.0001
1861891,3415,450.0,,,,,,,,21062.201770544052,0.0001
1862846,3416,4250.0,,,,,,,,21074.0325922966,0.0001
1863713,3417,4575.0,,,,,,,,21084.75297689438,0.0001
1864689,3418,4125.0,,,,,,,,21096.83186006546,0.0001
1865551,3419,775.0,,,,,,,,21107.470599412918,0.0001
1866140,3420,800.0,,,,,,,,21114.830158233643,0.0001
1867025,3421,825.0,,,,,,,,21125.86669230461,0.0001
1867842,3422,4075.0,,,,,,,,21135.965996980667,0.0001
1868659,3423,4175.0,,,,,,,,21146.106043815613,0.0001
1869632,3424,4025.0,,,,,,,,21158.18298459053,0.0001
1870497,3425,4125.0,,,,,,,,21168.934828281403,0.0001
1871206,3426,675.0,,,,,,,,21177.695665836334,0.0001
1871887,3427,4125.0,,,,,,,,21186.136001110077,0.0001
1872865,3428,4550.0,,,,,,,,21198.37293934822,0.0001
1873782,3429,1350.0,,,,,,,,21209.72945332527,0.0001
1874540,3430,3950.0,,,,,,,,21219.139558792114,0.0001
1875318,3431,4550.0,,,,,,,,21228.811590909958,0.0001
1876274,3432,4625.0,,,,,,,,21240.584206581116,0.0001
1877302,3433,4725.0,,,,,,,,21253.340880393982,0.0001
1878072,3434,4075.0,,,,,,,,21262.862422466278,0.0001
1878570,3435,350.0,,,,,,,,21269.039633512497,0.0001
1879211,3436,675.0,,,,,,,,21276.933212041855,0.0001
1879607,3437,775.0,,,,,,,,21281.85326075554,0.0001
1880607,3438,4375.0,,,,,,,,21294.280983924866,0.0001
1881136,3439,4025.0,,,,,,,,21300.91002726555,0.0001
1881733,3440,4150.0,,,,,,,,21308.36865878105,0.0001
1882362,3441,1225.0,,,,,,,,21316.181161642075,0.0001
1883346,3442,4725.0,,,,,,,,21328.428925037384,0.0001
1883992,3443,4125.0,,,,,,,,21336.476332187653,0.0001
1884642,3444,4250.0,,,,,,,,21344.57452273369,0.0001
1885200,3445,4100.0,,,,,,,,21351.549798727036,0.0001
1886338,3446,3900.0,,,,,,,,21365.687520503998,0.0001
1887034,3447,4725.0,,,,,,,,21374.42149066925,0.0001
1887799,3448,4225.0,,,,,,,,21383.841122865677,0.0001
1888190,3449,675.0,,,,,,,,21388.747657060623,0.0001
1889051,3450,4200.0,,,,,,,,21399.382101774216,0.0001
1889914,3451,4350.0,,,,,,,,21410.024547576904,0.0001
1890679,3452,4200.0,,,,,,,,21419.4679043293,0.0001
1891210,3453,4175.0,,,,,,,,21426.01260495186,0.0001
1892326,3454,4300.0,,,,,,,,21439.871036052704,0.0001
1892733,3455,650.0,,,,,,,,21444.900424718857,0.0001
1894036,3456,4225.0,,,,,,,,21461.03092980385,0.0001
1894454,3457,375.0,,,,,,,,21466.244219064713,0.0001
1894937,3458,775.0,,,,,,,,21472.24034667015,0.0001
1895484,3459,750.0,,,,,,,,21479.000972747803,0.0001
1896020,3460,700.0,,,,,,,,21485.647230386734,0.0001
1896941,3461,525.0,,,,,,,,21497.0830578804,0.0001
1897559,3462,3975.0,,,,,,,,21504.765477657318,0.0001
1898118,3463,4100.0,,,,,,,,21511.69199323654,0.0001
1898950,3464,4750.0,,,,,,,,21521.944224596024,0.0001
1900080,3465,4950.0,,,,,,,,21535.9751598835,0.0001
1900772,3466,4100.0,,,,,,,,21544.52838087082,0.0001
1901328,3467,4125.0,,,,,,,,21551.42733502388,0.0001
1902245,3468,4275.0,,,,,,,,21562.758833408356,0.0001
1902585,3469,225.0,,,,,,,,21566.97768998146,0.0001
1903266,3470,350.0,,,,,,,,21575.399792432785,0.0001
1904333,3471,4700.0,,,,,,,,21588.4611287117,0.0001
1905024,3472,4600.0,,,,,,,,21596.987010002136,0.0001
1905348,3473,375.0,,,,,,,,21600.985316991806,0.0001
1906192,3474,950.0,,,,,,,,21611.461759090424,0.0001
1907053,3475,1650.0,,,,,,,,21622.13768696785,0.0001
1907805,3476,1350.0,,,,,,,,21631.450003385544,0.0001
1908479,3477,800.0,,,,,,,,21639.818269252777,0.0001
1909236,3478,4175.0,,,,,,,,21649.096237421036,0.0001
1909854,3479,4175.0,,,,,,,,21656.787535429,0.0001
1910314,3480,3975.0,,,,,,,,21662.486726522446,0.0001
1911103,3481,4200.0,,,,,,,,21672.237095355988,0.0001
1911532,3482,375.0,,,,,,,,21677.57262134552,0.0001
1912861,3483,5250.0,,,,,,,,21693.98708295822,0.0001
1913816,3484,1300.0,,,,,,,,21705.50582933426,0.0001
1914468,3485,4625.0,,,,,,,,21713.40426301956,0.0001
1915227,3486,4475.0,,,,,,,,21722.588529348373,0.0001
1915753,3487,800.0,,,,,,,,21729.01202392578,0.0001
1917101,3488,5225.0,,,,,,,,21745.337287664413,0.0001
1917883,3489,475.0,,,,,,,,21754.822288274765,0.0001
1918445,3490,800.0,,,,,,,,21761.6388733387,0.0001
1919298,3491,4150.0,,,,,,,,21771.925518274307,0.0001
1920607,3492,5275.0,,,,,,,,21787.71990633011,0.0001
1921721,3493,1300.0,,,,,,,,21801.302155017853,0.0001
1923050,3494,5125.0,,,,,,,,21817.4458463192,0.0001
1924133,3495,4850.0,,,,,,,,21830.85550570488,0.0001
1925198,3496,1325.0,,,,,,,,21844.01090979576,0.0001
1926184,3497,1325.0,,,,,,,,21856.17744398117,0.0001
1927010,3498,4600.0,,,,,,,,21866.39731836319,0.0001
1928193,3499,4675.0,,,,,,,,21880.958235025406,0.0001
1928868,3500,325.0,,,,,,,,21889.277018785477,0.0001
1929597,3501,3975.0,,,,,,,,21898.350736141205,0.0001
1930684,3502,1325.0,,,,,,,,21911.77503156662,0.0001
1932172,3503,4825.0,,,,,,,,21930.17336845398,0.0001
1933262,3504,5225.0,,,,,,,,21943.67631316185,0.0001
1934247,3505,4375.0,,,,,,,,21955.802122354507,0.0001
1935109,3506,1350.0,,,,,,,,21966.321967601776,0.0001
1935523,3507,650.0,,,,,,,,21971.304572820663,0.0001
1936264,3508,4300.0,,,,,,,,21980.225566387177,0.0001
1937085,3509,4575.0,,,,,,,,21990.177696943283,0.0001
1938053,3510,4200.0,,,,,,,,22001.99438381195,0.0001
1938658,3511,4200.0,,,,,,,,22009.303407669067,0.0001
1939729,3512,1075.0,,,,,,,,22022.234944820404,0.0001
1940516,3513,4175.0,,,,,,,,22031.795502901077,0.0001
1941221,3514,675.0,,,,,,,,22040.414350271225,0.0001
1942056,3515,825.0,,,,,,,,22050.47395682335,0.0001
1942635,3516,4150.0,,,,,,,,22057.674078464508,0.0001
1943501,3517,4100.0,,,,,,,,22068.412379980087,0.0001
1943957,3518,800.0,,,,,,,,22074.068194150925,0.0001
1944811,3519,4225.0,,,,,,,,22084.579941511154,0.0001
1945605,3520,4575.0,,,,,,,,22094.45054292679,0.0001
1946329,3521,375.0,,,,,,,,22103.43777704239,0.0001
1946793,3522,825.0,,,,,,,,22109.198031425476,0.0001
1947600,3523,4175.0,,,,,,,,22119.142068862915,0.0001
1948304,3524,4025.0,,,,,,,,22127.853407859802,0.0001
1949122,3525,4300.0,,,,,,,,22137.910400390625,0.0001
1950408,3526,5000.0,,,,,,,,22153.833012104034,0.0001
1951170,3527,900.0,,,,,,,,22163.336424589157,0.0001
1951965,3528,4475.0,,,,,,,,22173.183975934982,0.0001
1952875,3529,4525.0,,,,,,,,22184.37662434578,0.0001
1953205,3530,225.0,,,,,,,,22188.51318717003,0.0001
1954018,3531,4525.0,,,,,,,,22198.49892473221,0.0001
1955252,3532,1325.0,,,,,,,,22213.72681260109,0.0001
1955806,3533,975.0,,,,,,,,22220.666731595993,0.0001
1956815,3534,1325.0,,,,,,,,22233.137514829636,0.0001
1957326,3535,575.0,,,,,,,,22239.52072930336,0.0001
1958325,3536,1350.0,,,,,,,,22251.89941906929,0.0001
1959335,3537,4275.0,,,,,,,,22264.34279203415,0.0001
1960216,3538,1750.0,,,,,,,,22275.181207180023,0.0001
1961253,3539,850.0,,,,,,,,22288.085572481155,0.0001
1962401,3540,1350.0,,,,,,,,22302.28187060356,0.0001
1963086,3541,825.0,,,,,,,,22310.739950180054,0.0001
1963888,3542,1325.0,,,,,,,,22320.624740362167,0.0001
1964699,3543,4150.0,,,,,,,,22330.634117126465,0.0001
1965201,3544,3950.0,,,,,,,,22336.92048883438,0.0001
1966344,3545,1350.0,,,,,,,,22351.063804149628,0.0001
1967514,3546,825.0,,,,,,,,22365.558861732483,0.0001
1968442,3547,850.0,,,,,,,,22377.05635857582,0.0001
1969224,3548,725.0,,,,,,,,22386.781806230545,0.0001
1970207,3549,825.0,,,,,,,,22398.993673563004,0.0001
1971064,3550,700.0,,,,,,,,22409.658133029938,0.0001
1972173,3551,4200.0,,,,,,,,22423.4040081501,0.0001
1972902,3552,825.0,,,,,,,,22432.468463897705,0.0001
1973686,3553,4675.0,,,,,,,,22442.108243703842,0.0001
1974612,3554,4900.0,,,,,,,,22453.553649425507,0.0001
1975380,3555,775.0,,,,,,,,22463.040870189667,0.0001
1976202,3556,4225.0,,,,,,,,22473.345721244812,0.0001
1976956,3557,4250.0,,,,,,,,22482.69443011284,0.0001
1977713,3558,4275.0,,,,,,,,22492.126971960068,0.0001
1978312,3559,4000.0,,,,,,,,22499.511551856995,0.0001
1978888,3560,850.0,,,,,,,,22506.658908605576,0.0001
1979339,3561,800.0,,,,,,,,22512.245868206024,0.0001
1980244,3562,500.0,,,,,,,,22523.3933866024,0.0001
1981019,3563,475.0,,,,,,,,22532.884658813477,0.0001
1981435,3564,700.0,,,,,,,,22538.068124055862,0.0001
1982396,3565,4225.0,,,,,,,,22549.821406841278,0.0001
1983186,3566,525.0,,,,,,,,22559.6167242527,0.0001
1984456,3567,4175.0,,,,,,,,22575.302513360977,0.0001
1985302,3568,4200.0,,,,,,,,22585.857879638672,0.0001
1986099,3569,4125.0,,,,,,,,22595.720428705215,0.0001
1986734,3570,500.0,,,,,,,,22603.636321783066,0.0001
1987771,3571,4850.0,,,,,,,,22616.417863845825,0.0001
1988515,3572,4250.0,,,,,,,,22625.6442322731,0.0001
1989522,3573,1200.0,,,,,,,,22638.07022190094,0.0001
1990059,3574,750.0,,,,,,,,22644.683960199356,0.0001
1991068,3575,4725.0,,,,,,,,22657.27014350891,0.0001
1992230,3576,5350.0,,,,,,,,22671.697383880615,0.0001
1993281,3577,825.0,,,,,,,,22684.678188323975,0.0001
1993960,3578,775.0,,,,,,,,22693.084370851517,0.0001
1994907,3579,4250.0,,,,,,,,22704.81688427925,0.0001
1995627,3580,3900.0,,,,,,,,22713.73687148094,0.0001
1996236,3581,4025.0,,,,,,,,22721.31883597374,0.0001
1997370,3582,800.0,,,,,,,,22735.40490245819,0.0001
1998257,3583,4200.0,,,,,,,,22746.422129392624,0.0001
1998878,3584,4225.0,,,,,,,,22754.1343665123,0.0001
1999613,3585,4250.0,,,,,,,,22763.251234054565,0.0001
2000491,3586,4350.0,,,,,,,,22774.134927988052,0.0001
2001494,3587,4825.0,,,,,,,,22786.63631129265,0.0001
2002532,3588,850.0,,,,,,,,22799.49571633339,0.0001
2003530,3589,500.0,,,,,,,,22811.819621562958,0.0001
2004281,3590,975.0,,,,,,,,22821.104871034622,0.0001
2005018,3591,4300.0,,,,,,,,22830.259203910828,0.0001
2005968,3592,550.0,,,,,,,,22842.032371997833,0.0001
2006622,3593,500.0,,,,,,,,22850.12629723549,0.0001
2007648,3594,4675.0,,,,,,,,22862.744838237762,0.0001
2008645,3595,4425.0,,,,,,,,22875.14818739891,0.0001
2009500,3596,575.0,,,,,,,,22885.703461885452,0.0001
2010417,3597,400.0,,,,,,,,22897.16258955002,0.0001
2011641,3598,1350.0,,,,,,,,22912.476760149002,0.0001
2012917,3599,4850.0,,,,,,,,22928.196434020996,0.0001
2013858,3600,4475.0,,,,,,,,22939.787343025208,0.0001
2015062,3601,825.0,,,,,,,,22954.68061566353,0.0001
2016041,3602,4175.0,,,,,,,,22966.83035182953,0.0001
2016792,3603,775.0,,,,,,,,22976.07181286812,0.0001
2017531,3604,800.0,,,,,,,,22985.236977100372,0.0001
2018360,3605,525.0,,,,,,,,22995.544362783432,0.0001
2019240,3606,4150.0,,,,,,,,23006.48413848877,0.0001
2020238,3607,1025.0,,,,,,,,23018.85662293434,0.0001
2021475,3608,4350.0,,,,,,,,23034.19395852089,0.0001
2022210,3609,4125.0,,,,,,,,23043.26884317398,0.0001
2022750,3610,775.0,,,,,,,,23049.935232639313,0.0001
2024007,3611,4900.0,,,,,,,,23065.520962953568,0.0001
2024913,3612,3875.0,,,,,,,,23076.76029777527,0.0001
2025533,3613,825.0,,,,,,,,23084.44535303116,0.0001
2026407,3614,4125.0,,,,,,,,23095.262566804886,0.0001
2027075,3615,700.0,,,,,,,,23103.53865337372,0.0001
2027976,3616,850.0,,,,,,,,23114.629502773285,0.0001
2028845,3617,4750.0,,,,,,,,23125.434549331665,0.0001
2029458,3618,825.0,,,,,,,,23133.00251197815,0.0001
2030246,3619,1050.0,,,,,,,,23142.84511399269,0.0001
2031269,3620,825.0,,,,,,,,23155.57708644867,0.0001
2031634,3621,675.0,,,,,,,,23160.10873222351,0.0001
2032199,3622,825.0,,,,,,,,23167.109963178635,0.0001
2033027,3623,4275.0,,,,,,,,23177.33343911171,0.0001
2034066,3624,4700.0,,,,,,,,23190.23211336136,0.0001
2035230,3625,5250.0,,,,,,,,23204.68213248253,0.0001
2036257,3626,1300.0,,,,,,,,23217.47744846344,0.0001
2036843,3627,1000.0,,,,,,,,23224.716759443283,0.0001
2037604,3628,4175.0,,,,,,,,23234.177748680115,0.0001
2038346,3629,775.0,,,,,,,,23243.456022262573,0.0001
2038963,3630,450.0,,,,,,,,23251.194576740265,0.0001
2039399,3631,325.0,,,,,,,,23256.60257744789,0.0001
2040011,3632,525.0,,,,,,,,23264.174711704254,0.0001
2040436,3633,725.0,,,,,,,,23269.487537145615,0.0001
2041098,3634,4100.0,,,,,,,,23277.750046491623,0.0001
2041672,3635,825.0,,,,,,,,23284.866551160812,0.0001
2042799,3636,4850.0,,,,,,,,23298.768597364426,0.0001
2043727,3637,4150.0,,,,,,,,23310.225519657135,0.0001
2044452,3638,4200.0,,,,,,,,23319.22495985031,0.0001
2045198,3639,4225.0,,,,,,,,23328.503385782242,0.0001
2046153,3640,4600.0,,,,,,,,23340.357944488525,0.0001
2047198,3641,5075.0,,,,,,,,23353.267521619797,0.0001
2048361,3642,4050.0,,,,,,,,23367.72515487671,0.0001
2048959,3643,825.0,,,,,,,,23375.11016559601,0.0001
2049595,3644,375.0,,,,,,,,23383.015593767166,0.0001
2050947,3645,4375.0,,,,,,,,23399.85432434082,0.0001
2051680,3646,4225.0,,,,,,,,23408.952544927597,0.0001
2052344,3647,4300.0,,,,,,,,23417.20929121971,0.0001
2052926,3648,4100.0,,,,,,,,23424.48339653015,0.0001
2053737,3649,775.0,,,,,,,,23434.675637722015,0.0001
2054589,3650,850.0,,,,,,,,23445.236990451813,0.0001
2055502,3651,4350.0,,,,,,,,23456.54704117775,0.0001
2055904,3652,250.0,,,,,,,,23461.53285074234,0.0001
2057055,3653,4825.0,,,,,,,,23475.764989376068,0.0001
2057780,3654,625.0,,,,,,,,23484.69049668312,0.0001
2058599,3655,375.0,,,,,,,,23494.82525587082,0.0001
2059524,3656,4350.0,,,,,,,,23506.316613912582,0.0001
2059887,3657,650.0,,,,,,,,23510.8751308918,0.0001
2060969,3658,800.0,,,,,,,,23524.22785615921,0.0001
2061662,3659,425.0,,,,,,,,23532.87302660942,0.0001
2062530,3660,1350.0,,,,,,,,23543.6361784935,0.0001
2063502,3661,4350.0,,,,,,,,23555.659261465073,0.0001
2064065,3662,1200.0,,,,,,,,23562.604281425476,0.0001
2065135,3663,4975.0,,,,,,,,23575.98798108101,0.0001
2066044,3664,4300.0,,,,,,,,23587.29914879799,0.0001
2066424,3665,700.0,,,,,,,,23592.052968978882,0.0001
2066961,3666,425.0,,,,,,,,23598.783987045288,0.0001
2067914,3667,4475.0,,,,,,,,23610.588787794113,0.0001
2068421,3668,800.0,,,,,,,,23616.98806810379,0.0001
2069287,3669,4550.0,,,,,,,,23627.7112967968,0.0001
2069671,3670,750.0,,,,,,,,23632.52829670906,0.0001
2070708,3671,4550.0,,,,,,,,23645.32161092758,0.0001
2071048,3672,100.0,,,,,,,,23649.54883480072,0.0001
2071425,3673,750.0,,,,,,,,23654.275953769684,0.0001
2072521,3674,4125.0,,,,,,,,23667.916207790375,0.0001
2073065,3675,850.0,,,,,,,,23674.644528388977,0.0001
2073615,3676,4100.0,,,,,,,,23681.42893218994,0.0001
2074805,3677,4875.0,,,,,,,,23696.09212422371,0.0001
2075626,3678,4525.0,,,,,,,,23706.315508127213,0.0001
2076812,3679,4725.0,,,,,,,,23720.88041830063,0.0001
2077762,3680,4250.0,,,,,,,,23732.676310539246,0.0001
2078610,3681,1050.0,,,,,,,,23743.15047597885,0.0001
2079223,3682,825.0,,,,,,,,23750.780219316483,0.0001
2080106,3683,4375.0,,,,,,,,23761.700623750687,0.0001
2080931,3684,525.0,,,,,,,,23771.943328142166,0.0001
2081854,3685,4650.0,,,,,,,,23783.452696323395,0.0001
2083086,3686,4750.0,,,,,,,,23798.745470762253,0.0001
2084105,3687,4300.0,,,,,,,,23811.347381830215,0.0001
2085202,3688,4200.0,,,,,,,,23824.89803123474,0.0001
2086298,3689,4875.0,,,,,,,,23838.456357717514,0.0001
2087803,3690,4675.0,,,,,,,,23857.087483406067,0.0001
2088544,3691,4100.0,,,,,,,,23866.245213270187,0.0001
2089539,3692,4225.0,,,,,,,,23878.5566239357,0.0001
2090034,3693,200.0,,,,,,,,23884.790551424026,0.0001
2091030,3694,4375.0,,,,,,,,23897.087431430817,0.0001
2092400,3695,4825.0,,,,,,,,23914.03172469139,0.0001
2093415,3696,4800.0,,,,,,,,23926.490406036377,0.0001
2094030,3697,550.0,,,,,,,,23934.206904411316,0.0001
2094677,3698,775.0,,,,,,,,23942.259947299957,0.0001
2095175,3699,400.0,,,,,,,,23948.448091983795,0.0001
2096424,3700,4475.0,,,,,,,,23963.80491709709,0.0001
2097970,3701,4975.0,,,,,,,,23982.893368959427,0.0001
2099081,3702,4600.0,,,,,,,,23996.743094921112,0.0001
2099676,3703,750.0,,,,,,,,24004.101946353912,0.0001
2101116,3704,4475.0,,,,,,,,24021.881448984146,0.0001
2101835,3705,1025.0,,,,,,,,24030.78279352188,0.0001
2102836,3706,1025.0,,,,,,,,24043.136313676834,0.0001
2103929,3707,5300.0,,,,,,,,24056.629246234894,0.0001
2105159,3708,5275.0,,,,,,,,24071.890527009964,0.0001
2106150,3709,900.0,,,,,,,,24084.175451040268,0.0001
2106683,3710,450.0,,,,,,,,24090.76765203476,0.0001
2107496,3711,850.0,,,,,,,,24100.823890447617,0.0001
2108214,3712,4250.0,,,,,,,,24109.748162984848,0.0001
2108874,3713,4075.0,,,,,,,,24117.950610160828,0.0001
2109773,3714,4375.0,,,,,,,,24129.122524499893,0.0001
2110579,3715,4250.0,,,,,,,,24139.11370754242,0.0001
2111279,3716,775.0,,,,,,,,24147.735211372375,0.0001
2111844,3717,1350.0,,,,,,,,24154.717881917953,0.0001
2112534,3718,4225.0,,,,,,,,24163.346326589584,0.0001
2113462,3719,4625.0,,,,,,,,24174.809735536575,0.0001
2114346,3720,4450.0,,,,,,,,24185.78328680992,0.0001
2115273,3721,4225.0,,,,,,,,24197.399646759033,0.0001
2116377,3722,4200.0,,,,,,,,24211.038614034653,0.0001
2117057,3723,325.0,,,,,,,,24219.50731062889,0.0001
2118048,3724,4825.0,,,,,,,,24231.72179198265,0.0001
2118577,3725,775.0,,,,,,,,24238.336171865463,0.0001
2119397,3726,4800.0,,,,,,,,24248.51450586319,0.0001
2120426,3727,4375.0,,,,,,,,24261.286896705627,0.0001
2121055,3728,500.0,,,,,,,,24269.08172750473,0.0001
2121622,3729,775.0,,,,,,,,24276.165150880814,0.0001
2122272,3730,4125.0,,,,,,,,24284.28769135475,0.0001
2123694,3731,4525.0,,,,,,,,24301.984545469284,0.0001
2125043,3732,4200.0,,,,,,,,24318.61297607422,0.0001
2125698,3733,450.0,,,,,,,,24326.767677783966,0.0001
2126629,3734,4250.0,,,,,,,,24338.313886642456,0.0001
2127369,3735,4275.0,,,,,,,,24347.543567419052,0.0001
2128241,3736,950.0,,,,,,,,24358.29194688797,0.0001
2129086,3737,4700.0,,,,,,,,24368.554565429688,0.0001
2130019,3738,4550.0,,,,,,,,24380.104400396347,0.0001
2130552,3739,450.0,,,,,,,,24386.75213742256,0.0001
2131689,3740,4875.0,,,,,,,,24400.847380161285,0.0001
2132736,3741,1075.0,,,,,,,,24413.835682868958,0.0001
2133800,3742,800.0,,,,,,,,24427.061103343964,0.0001
2134720,3743,4625.0,,,,,,,,24438.61735868454,0.0001
2135579,3744,4250.0,,,,,,,,24449.20588493347,0.0001
2136611,3745,4175.0,,,,,,,,24461.976880788803,0.0001
2137837,3746,4300.0,,,,,,,,24477.2259452343,0.0001
2139056,3747,4350.0,,,,,,,,24492.317331314087,0.0001
2140625,3748,4875.0,,,,,,,,24511.82100200653,0.0001
2141305,3749,4175.0,,,,,,,,24520.16315793991,0.0001
2142045,3750,4150.0,,,,,,,,24529.138170480728,0.0001
2142709,3751,4250.0,,,,,,,,24537.30286216736,0.0001
2143249,3752,300.0,,,,,,,,24544.05742263794,0.0001
2144059,3753,600.0,,,,,,,,24554.06876039505,0.0001
2145000,3754,4450.0,,,,,,,,24565.798087120056,0.0001
2145787,3755,4350.0,,,,,,,,24575.55695414543,0.0001
2146249,3756,375.0,,,,,,,,24581.27435016632,0.0001
2146950,3757,4375.0,,,,,,,,24589.907490968704,0.0001
2147793,3758,4300.0,,,,,,,,24600.384496212006,0.0001
2148536,3759,750.0,,,,,,,,24609.565559625626,0.0001
2149655,3760,4750.0,,,,,,,,24623.516928434372,0.0001
2150613,3761,4375.0,,,,,,,,24635.44569182396,0.0001
2151217,3762,4125.0,,,,,,,,24642.93202996254,0.0001
2152328,3763,4200.0,,,,,,,,24656.75127196312,0.0001
2153779,3764,4975.0,,,,,,,,24674.805617570877,0.0001
2154607,3765,475.0,,,,,,,,24685.069818019867,0.0001
2155467,3766,4325.0,,,,,,,,24695.768827199936,0.0001
2156851,3767,4325.0,,,,,,,,24713.045651197433,0.0001
2157615,3768,800.0,,,,,,,,24722.53328514099,0.0001
2158856,3769,900.0,,,,,,,,24737.984063863754,0.0001
2159546,3770,500.0,,,,,,,,24746.62683582306,0.0001
2160338,3771,4900.0,,,,,,,,24756.44923377037,0.0001
2161101,3772,4250.0,,,,,,,,24765.9296271801,0.0001
2161727,3773,4300.0,,,,,,,,24773.623509645462,0.0001
2162882,3774,4625.0,,,,,,,,24787.9559071064,0.0001
2163432,3775,800.0,,,,,,,,24794.78584074974,0.0001
2164510,3776,4725.0,,,,,,,,24808.11700987816,0.0001
2165272,3777,4175.0,,,,,,,,24817.581981658936,0.0001
2166107,3778,4150.0,,,,,,,,24828.021809339523,0.0001
2167083,3779,850.0,,,,,,,,24840.10764169693,0.0001
2167802,3780,500.0,,,,,,,,24849.027343273163,0.0001
2168331,3781,375.0,,,,,,,,24855.585757017136,0.0001
2169161,3782,4275.0,,,,,,,,24865.93411064148,0.0001
2169934,3783,3900.0,,,,,,,,24875.470204353333,0.0001
2170834,3784,575.0,,,,,,,,24886.6815867424,0.0001
2171847,3785,4275.0,,,,,,,,24899.221833229065,0.0001
2172779,3786,4775.0,,,,,,,,24910.767441034317,0.0001
2173728,3787,825.0,,,,,,,,24922.504217147827,0.0001
2174927,3788,4800.0,,,,,,,,24937.485650777817,0.0001
2175775,3789,4175.0,,,,,,,,24947.9922850132,0.0001
2176274,3790,425.0,,,,,,,,24954.198163747787,0.0001
2177103,3791,4250.0,,,,,,,,24964.546931028366,0.0001
2178524,3792,5000.0,,,,,,,,24982.231528282166,0.0001
2179531,3793,4325.0,,,,,,,,24994.765617847443,0.0001
2180637,3794,4925.0,,,,,,,,25008.47863960266,0.0001
2181501,3795,4250.0,,,,,,,,25019.180659770966,0.0001
2182748,3796,4800.0,,,,,,,,25034.59668469429,0.0001
2183264,3797,825.0,,,,,,,,25041.06144309044,0.0001
2183841,3798,4250.0,,,,,,,,25048.36141061783,0.0001
2184489,3799,475.0,,,,,,,,25056.44415974617,0.0001
2185299,3800,425.0,,,,,,,,25066.40495824814,0.0001
2185992,3801,4175.0,,,,,,,,25075.027417182922,0.0001
2186752,3802,4275.0,,,,,,,,25084.43847680092,0.0001
2187620,3803,4375.0,,,,,,,,25095.217614889145,0.0001
2188143,3804,300.0,,,,,,,,25101.775507450104,0.0001
2188930,3805,4275.0,,,,,,,,25111.619498491287,0.0001
2189300,3806,675.0,,,,,,,,25116.245968341827,0.0001
2190444,3807,1350.0,,,,,,,,25130.444789886475,0.0001
2191112,3808,350.0,,,,,,,,25138.782553195953,0.0001
2192095,3809,825.0,,,,,,,,25151.061891317368,0.0001
2192469,3810,575.0,,,,,,,,25155.68426156044,0.0001
2193322,3811,3975.0,,,,,,,,25166.339052438736,0.0001
2194094,3812,400.0,,,,,,,,25175.91822886467,0.0001
2194890,3813,4125.0,,,,,,,,25185.79217195511,0.0001
2195616,3814,4125.0,,,,,,,,25194.778690338135,0.0001
2196695,3815,600.0,,,,,,,,25208.06672811508,0.0001
2197267,3816,4250.0,,,,,,,,25215.192484378815,0.0001
2197790,3817,4250.0,,,,,,,,25221.735887765884,0.0001
2198576,3818,4100.0,,,,,,,,25231.398356437683,0.0001
2199645,3819,1350.0,,,,,,,,25244.353273391724,0.0001
2200582,3820,4675.0,,,,,,,,25255.85912847519,0.0001
2201431,3821,3775.0,,,,,,,,25266.298534870148,0.0001
2202376,3822,4900.0,,,,,,,,25278.069719076157,0.0001
2203367,3823,5000.0,,,,,,,,25290.413338422775,0.0001
2204534,3824,4275.0,,,,,,,,25304.87449336052,0.0001
2205456,3825,4300.0,,,,,,,,25316.217439174652,0.0001
2206311,3826,4875.0,,,,,,,,25326.729950666428,0.0001
2207288,3827,4350.0,,,,,,,,25338.856374263763,0.0001
2208316,3828,1075.0,,,,,,,,25351.518766880035,0.0001
2208852,3829,4225.0,,,,,,,,25358.237177848816,0.0001
2209445,3830,4175.0,,,,,,,,25365.65694141388,0.0001
2210212,3831,4125.0,,,,,,,,25375.130856513977,0.0001
2211093,3832,725.0,,,,,,,,25386.120033740997,0.0001
2211863,3833,4300.0,,,,,,,,25395.691425085068,0.0001
2213011,3834,4225.0,,,,,,,,25409.986087322235,0.0001
2213724,3835,4250.0,,,,,,,,25418.788327932358,0.0001
2214617,3836,4925.0,,,,,,,,25429.914279699326,0.0001
2215184,3837,4300.0,,,,,,,,25436.96464920044,0.0001
2216130,3838,4475.0,,,,,,,,25448.766718387604,0.0001
2216805,3839,775.0,,,,,,,,25457.19089627266,0.0001
2217251,3840,775.0,,,,,,,,25462.698707818985,0.0001
2217586,3841,175.0,,,,,,,,25466.850139141083,0.0001
2218386,3842,4750.0,,,,,,,,25476.825068712234,0.0001
2218863,3843,4050.0,,,,,,,,25482.85086941719,0.0001
2219453,3844,400.0,,,,,,,,25490.20701932907,0.0001
2220231,3845,4125.0,,,,,,,,25499.849391698837,0.0001
2221350,3846,4300.0,,,,,,,,25513.66229248047,0.0001
2222158,3847,4675.0,,,,,,,,25523.762060165405,0.0001
2222980,3848,4350.0,,,,,,,,25533.924320459366,0.0001
2224325,3849,4525.0,,,,,,,,25550.567816734314,0.0001
2225215,3850,4600.0,,,,,,,,25561.630704402924,0.0001
2225841,3851,4200.0,,,,,,,,25569.519160985947,0.0001
2226314,3852,4175.0,,,,,,,,25575.363045454025,0.0001
2227058,3853,4725.0,,,,,,,,25584.696613550186,0.0001
2227691,3854,550.0,,,,,,,,25592.600020885468,0.0001
2228325,3855,450.0,,,,,,,,25600.51827597618,0.0001
2229055,3856,4325.0,,,,,,,,25609.651023626328,0.0001
2229936,3857,850.0,,,,,,,,25620.56657767296,0.0001
2230611,3858,4300.0,,,,,,,,25629.021448135376,0.0001
2231612,3859,4350.0,,,,,,,,25641.413953781128,0.0001
2232730,3860,4300.0,,,,,,,,25655.28383922577,0.0001
2233904,3861,4325.0,,,,,,,,25669.977206468582,0.0001
2234720,3862,4200.0,,,,,,,,25680.151685476303,0.0001
2235543,3863,4225.0,,,,,,,,25690.296174764633,0.0001
2236045,3864,850.0,,,,,,,,25696.56747698784,0.0001
2236881,3865,3850.0,,,,,,,,25706.970494508743,0.0001
2237585,3866,3825.0,,,,,,,,25715.638662338257,0.0001
2238692,3867,4425.0,,,,,,,,25729.35560798645,0.0001
2239253,3868,800.0,,,,,,,,25736.395389080048,0.0001
2240105,3869,1300.0,,,,,,,,25746.974383354187,0.0001
2240962,3870,4850.0,,,,,,,,25757.59450030327,0.0001
2241892,3871,4375.0,,,,,,,,25769.134912967682,0.0001
2242712,3872,4400.0,,,,,,,,25779.253636598587,0.0001
2243618,3873,4375.0,,,,,,,,25790.528690576553,0.0001
2244348,3874,4225.0,,,,,,,,25799.67067360878,0.0001
2245408,3875,4725.0,,,,,,,,25812.814256191254,0.0001
2246351,3876,4350.0,,,,,,,,25824.467809915543,0.0001
2246924,3877,4300.0,,,,,,,,25831.58929657936,0.0001
2247690,3878,4275.0,,,,,,,,25841.035047531128,0.0001
2248730,3879,5200.0,,,,,,,,25853.917395830154,0.0001
2249537,3880,4325.0,,,,,,,,25863.932214975357,0.0001
2250582,3881,575.0,,,,,,,,25876.883873701096,0.0001
2251754,3882,4925.0,,,,,,,,25891.453985452652,0.0001
2252304,3883,825.0,,,,,,,,25898.224827051163,0.0001
2253402,3884,4425.0,,,,,,,,25911.88832640648,0.0001
2254052,3885,4400.0,,,,,,,,25919.966682195663,0.0001
2254774,3886,4300.0,,,,,,,,25929.001079559326,0.0001
2255382,3887,4200.0,,,,,,,,25936.541837215424,0.0001
2256167,3888,1225.0,,,,,,,,25946.235026359558,0.0001
2256924,3889,4375.0,,,,,,,,25955.61350083351,0.0001
2257990,3890,1350.0,,,,,,,,25968.78516626358,0.0001
2258654,3891,4275.0,,,,,,,,25976.996871948242,0.0001
2259450,3892,4375.0,,,,,,,,25987.010454654694,0.0001
2260067,3893,4150.0,,,,,,,,25994.615632534027,0.0001
2261201,3894,4150.0,,,,,,,,26008.692832946777,0.0001
2262021,3895,4200.0,,,,,,,,26018.877679347992,0.0001
2262540,3896,4125.0,,,,,,,,26025.296211719513,0.0001
2263540,3897,4800.0,,,,,,,,26037.75887131691,0.0001
2264174,3898,4225.0,,,,,,,,26045.645434617996,0.0001
2265381,3899,4800.0,,,,,,,,26060.69882750511,0.0001
2266575,3900,4225.0,,,,,,,,26075.55264854431,0.0001
2267220,3901,750.0,,,,,,,,26083.576216220856,0.0001
2267849,3902,4225.0,,,,,,,,26091.411428451538,0.0001
2268993,3903,4300.0,,,,,,,,26105.68283009529,0.0001
2270020,3904,4350.0,,,,,,,,26118.397127866745,0.0001
2270992,3905,4150.0,,,,,,,,26130.404679059982,0.0001
2271798,3906,4275.0,,,,,,,,26140.36694931984,0.0001
2272349,3907,400.0,,,,,,,,26147.2596681118,0.0001
2273705,3908,4950.0,,,,,,,,26164.01138806343,0.0001
2274917,3909,4350.0,,,,,,,,26178.989621400833,0.0001
2275838,3910,4350.0,,,,,,,,26190.28182530403,0.0001
2276837,3911,4325.0,,,,,,,,26202.617612838745,0.0001
2277805,3912,4250.0,,,,,,,,26214.60961675644,0.0001
2278844,3913,5000.0,,,,,,,,26227.554595708847,0.0001
2279602,3914,800.0,,,,,,,,26237.00182700157,0.0001
2280760,3915,4975.0,,,,,,,,26251.36886572838,0.0001
2281197,3916,750.0,,,,,,,,26256.827518463135,0.0001
2282019,3917,4225.0,,,,,,,,26267.007261037827,0.0001
2282885,3918,4200.0,,,,,,,,26277.769546747208,0.0001
2284219,3919,4275.0,,,,,,,,26294.285341262817,0.0001
2284868,3920,4100.0,,,,,,,,26302.354776382446,0.0001
2285536,3921,4225.0,,,,,,,,26310.664102077484,0.0001
2286146,3922,475.0,,,,,,,,26318.27256178856,0.0001
2287060,3923,4150.0,,,,,,,,26329.565150260925,0.0001
2288473,3924,4875.0,,,,,,,,26347.044178009033,0.0001
2289100,3925,4200.0,,,,,,,,26354.741512537003,0.0001
2289871,3926,850.0,,,,,,,,26364.26374554634,0.0001
2290763,3927,4300.0,,,,,,,,26375.267934799194,0.0001
2292056,3928,1325.0,,,,,,,,26391.26001048088,0.0001
2292842,3929,4275.0,,,,,,,,26401.121780872345,0.0001
2294158,3930,4825.0,,,,,,,,26417.451142549515,0.0001
2295254,3931,4275.0,,,,,,,,26431.06707763672,0.0001
2296010,3932,5450.0,,,,,,,,26440.43981218338,0.0001
2296782,3933,4300.0,,,,,,,,26449.987735509872,0.0001
2297717,3934,4250.0,,,,,,,,26461.615740537643,0.0001
2298189,3935,100.0,,,,,,,,26467.585686206818,0.0001
2299594,3936,5175.0,,,,,,,,26484.986553668976,0.0001
2300652,3937,825.0,,,,,,,,26498.121457338333,0.0001
2301593,3938,4225.0,,,,,,,,26509.775723218918,0.0001
2302375,3939,4400.0,,,,,,,,26519.440846204758,0.0001
2303277,3940,4225.0,,,,,,,,26530.653908014297,0.0001
2304416,3941,4400.0,,,,,,,,26544.811801433563,0.0001
2305398,3942,4625.0,,,,,,,,26557.07595705986,0.0001
2306092,3943,4150.0,,,,,,,,26565.708285808563,0.0001
2306820,3944,4725.0,,,,,,,,26574.771159410477,0.0001
2307780,3945,4775.0,,,,,,,,26586.650993585587,0.0001
2308917,3946,4825.0,,,,,,,,26600.755234718323,0.0001
2309728,3947,4200.0,,,,,,,,26610.799529075623,0.0001
2310859,3948,4350.0,,,,,,,,26624.77564406395,0.0001
2311877,3949,3775.0,,,,,,,,26637.44476032257,0.0001
2313121,3950,5325.0,,,,,,,,26652.943766117096,0.0001
2314191,3951,4775.0,,,,,,,,26666.23958992958,0.0001
2315028,3952,700.0,,,,,,,,26676.548357486725,0.0001
2315996,3953,3900.0,,,,,,,,26688.568256616592,0.0001
2316751,3954,4200.0,,,,,,,,26697.933465719223,0.0001
2317578,3955,4400.0,,,,,,,,26708.218443393707,0.0001
2318745,3956,4775.0,,,,,,,,26722.751339673996,0.0001
2319714,3957,4275.0,,,,,,,,26734.711903095245,0.0001
2320167,3958,400.0,,,,,,,,26740.265614748,0.0001
2320669,3959,400.0,,,,,,,,26746.490845680237,0.0001
2321471,3960,800.0,,,,,,,,26756.302455186844,0.0001
2322074,3961,500.0,,,,,,,,26763.77408194542,0.0001
2322790,3962,4275.0,,,,,,,,26772.678725004196,0.0001
2323635,3963,4175.0,,,,,,,,26783.212438821793,0.0001
2324483,3964,4325.0,,,,,,,,26793.769923448563,0.0001
2325113,3965,175.0,,,,,,,,26801.639213085175,0.0001
2326126,3966,4500.0,,,,,,,,26814.22255539894,0.0001
2327001,3967,4375.0,,,,,,,,26825.044295072556,0.0001
2327654,3968,4250.0,,,,,,,,26833.193864822388,0.0001
2328372,3969,800.0,,,,,,,,26842.078716516495,0.0001
2328853,3970,400.0,,,,,,,,26848.089518785477,0.0001
2329588,3971,4375.0,,,,,,,,26857.17148375511,0.0001
2330316,3972,4200.0,,,,,,,,26866.20486330986,0.0001
2330874,3973,850.0,,,,,,,,26873.21376156807,0.0001
2331766,3974,4350.0,,,,,,,,26884.250987052917,0.0001
2332241,3975,775.0,,,,,,,,26890.20926642418,0.0001
2332988,3976,4225.0,,,,,,,,26899.447163820267,0.0001
2333321,3977,500.0,,,,,,,,26903.648845911026,0.0001
2334264,3978,4300.0,,,,,,,,26915.239388227463,0.0001
2335077,3979,4200.0,,,,,,,,26925.306740283966,0.0001
2336342,3980,4825.0,,,,,,,,26940.963889837265,0.0001
2337129,3981,4200.0,,,,,,,,26950.756467103958,0.0001
2338607,3982,4875.0,,,,,,,,26969.05164718628,0.0001
2339255,3983,775.0,,,,,,,,26977.149787187576,0.0001
2339999,3984,4275.0,,,,,,,,26986.325238466263,0.0001
2340859,3985,4275.0,,,,,,,,26996.948571920395,0.0001
2341857,3986,4350.0,,,,,,,,27009.32217812538,0.0001
2342827,3987,4300.0,,,,,,,,27021.27219724655,0.0001
2343802,3988,4375.0,,,,,,,,27033.384874105453,0.0001
2344498,3989,4200.0,,,,,,,,27041.986954689026,0.0001
2345459,3990,4375.0,,,,,,,,27053.911375761032,0.0001
2346099,3991,4150.0,,,,,,,,27061.812943935394,0.0001
2346951,3992,4375.0,,,,,,,,27072.416913747787,0.0001
2347858,3993,4350.0,,,,,,,,27083.67985868454,0.0001
2348838,3994,4725.0,,,,,,,,27095.722922086716,0.0001
2349592,3995,4200.0,,,,,,,,27105.073601961136,0.0001
2350739,3996,4250.0,,,,,,,,27119.304132938385,0.0001
2351585,3997,4325.0,,,,,,,,27129.810800790787,0.0001
2352889,3998,5150.0,,,,,,,,27146.03540301323,0.0001
2353568,3999,850.0,,,,,,,,27154.410804986954,0.0001
2354295,4000,300.0,,,,,,,,27163.519484758377,0.0001
2355185,4001,4500.0,,,,,,,,27174.63910841942,0.0001
2355756,4002,800.0,,,,,,,,27181.742177009583,0.0001
2356662,4003,4250.0,,,,,,,,27193.052361011505,0.0001
2357815,4004,4275.0,,,,,,,,27207.36718225479,0.0001
2358887,4005,4825.0,,,,,,,,27220.60152387619,0.0001
2359287,4006,775.0,,,,,,,,27225.6145632267,0.0001
2360068,4007,4275.0,,,,,,,,27235.26365661621,0.0001
2361125,4008,4925.0,,,,,,,,27248.418377161026,0.0001
2361885,4009,4225.0,,,,,,,,27257.85111618042,0.0001
2362715,4010,4475.0,,,,,,,,27268.16758465767,0.0001
2363517,4011,4825.0,,,,,,,,27278.165590047836,0.0001
2364511,4012,4100.0,,,,,,,,27290.455167770386,0.0001
2365472,4013,4325.0,,,,,,,,27302.446323871613,0.0001
2366251,4014,4350.0,,,,,,,,27312.12353658676,0.0001
2366874,4015,4475.0,,,,,,,,27319.809319257736,0.0001
2367837,4016,4350.0,,,,,,,,27331.722192525864,0.0001
2369015,4017,4900.0,,,,,,,,27346.213051080704,0.0001
2369901,4018,4350.0,,,,,,,,27357.24823474884,0.0001
2370507,4019,550.0,,,,,,,,27364.772267341614,0.0001
2371409,4020,575.0,,,,,,,,27375.96526002884,0.0001
2372880,4021,4950.0,,,,,,,,27394.143565177917,0.0001
2373497,4022,500.0,,,,,,,,27401.843599557877,0.0001
2374446,4023,4325.0,,,,,,,,27413.593320131302,0.0001
2375597,4024,4300.0,,,,,,,,27427.82922887802,0.0001
2375980,4025,725.0,,,,,,,,27432.567301750183,0.0001
2377467,4026,5000.0,,,,,,,,27450.89596915245,0.0001
2378710,4027,4250.0,,,,,,,,27466.340562582016,0.0001
2380009,4028,4875.0,,,,,,,,27482.30881547928,0.0001
2380804,4029,4350.0,,,,,,,,27492.084820747375,0.0001
2381546,4030,4675.0,,,,,,,,27501.29905629158,0.0001
2382719,4031,4550.0,,,,,,,,27515.906799793243,0.0001
2383263,4032,500.0,,,,,,,,27522.735942840576,0.0001
2384049,4033,850.0,,,,,,,,27532.555725336075,0.0001
2384975,4034,4325.0,,,,,,,,27544.010607004166,0.0001
2385755,4035,4475.0,,,,,,,,27553.824889421463,0.0001
2386652,4036,4250.0,,,,,,,,27564.986780405045,0.0001
2387666,4037,4300.0,,,,,,,,27577.61734843254,0.0001
2388532,4038,4350.0,,,,,,,,27588.423978328705,0.0001
2389457,4039,4325.0,,,,,,,,27599.875393390656,0.0001
2390286,4040,850.0,,,,,,,,27610.138103485107,0.0001
2391419,4041,4525.0,,,,,,,,27624.188205242157,0.0001
2392519,4042,4925.0,,,,,,,,27637.927151679993,0.0001
2393302,4043,4350.0,,,,,,,,27647.678636550903,0.0001
2394127,4044,4850.0,,,,,,,,27657.881201982498,0.0001
2394689,4045,350.0,,,,,,,,27664.937091588974,0.0001
2395569,4046,4375.0,,,,,,,,27675.82579112053,0.0001
2396727,4047,4950.0,,,,,,,,27690.107148885727,0.0001
2397830,4048,5025.0,,,,,,,,27703.784107923508,0.0001
2398577,4049,4175.0,,,,,,,,27713.099934577942,0.0001
2399279,4050,4250.0,,,,,,,,27721.793927669525,0.0001
2400421,4051,4500.0,,,,,,,,27735.976804971695,0.0001
2400910,4052,825.0,,,,,,,,27742.105728149414,0.0001
2401727,4053,4300.0,,,,,,,,27752.23641705513,0.0001
2403248,4054,4325.0,,,,,,,,27771.129262924194,0.0001
2404022,4055,4250.0,,,,,,,,27780.79166316986,0.0001
2405028,4056,4325.0,,,,,,,,27793.28576564789,0.0001
2406142,4057,4975.0,,,,,,,,27807.16933274269,0.0001
2407011,4058,4750.0,,,,,,,,27817.886797189713,0.0001
2407790,4059,4350.0,,,,,,,,27827.62540102005,0.0001
2408491,4060,4150.0,,,,,,,,27836.369088172913,0.0001
2409494,4061,4825.0,,,,,,,,27848.782463550568,0.0001
2410776,4062,1025.0,,,,,,,,27864.60774898529,0.0001
2411601,4063,4650.0,,,,,,,,27874.89481663704,0.0001
2412761,4064,4500.0,,,,,,,,27889.267176628113,0.0001
2413677,4065,4375.0,,,,,,,,27900.700937747955,0.0001
2414149,4066,825.0,,,,,,,,27906.60478925705,0.0001
2415352,4067,4400.0,,,,,,,,27921.497139930725,0.0001
2416251,4068,4175.0,,,,,,,,27932.62412238121,0.0001
2417323,4069,4400.0,,,,,,,,27945.938534498215,0.0001
2418285,4070,4275.0,,,,,,,,27957.90240573883,0.0001
2419168,4071,4350.0,,,,,,,,27968.791603326797,0.0001
2419778,4072,500.0,,,,,,,,27976.368843317032,0.0001
2420449,4073,4325.0,,,,,,,,27984.74900984764,0.0001
2421469,4074,4500.0,,,,,,,,27997.37234854698,0.0001
2422764,4075,4825.0,,,,,,,,28013.42351913452,0.0001
2423659,4076,4200.0,,,,,,,,28024.54957175255,0.0001
2424044,4077,675.0,,,,,,,,28029.362268209457,0.0001
2425024,4078,4400.0,,,,,,,,28041.486480236053,0.0001
2425553,4079,675.0,,,,,,,,28048.11115550995,0.0001
2426292,4080,4325.0,,,,,,,,28057.295984983444,0.0001
2427118,4081,4375.0,,,,,,,,28067.527513742447,0.0001
2428081,4082,4800.0,,,,,,,,28079.474034547806,0.0001
2429301,4083,4425.0,,,,,,,,28094.60245537758,0.0001
2429934,4084,4175.0,,,,,,,,28102.459069252014,0.0001
2430630,4085,4300.0,,,,,,,,28111.10936355591,0.0001
2431597,4086,4075.0,,,,,,,,28123.064863443375,0.0001
2432263,4087,4200.0,,,,,,,,28131.339108467102,0.0001
2432650,4088,675.0,,,,,,,,28136.2036216259,0.0001
2433713,4089,4375.0,,,,,,,,28149.433426856995,0.0001
2434870,4090,4450.0,,,,,,,,28163.697493314743,0.0001
2435857,4091,4200.0,,,,,,,,28176.004776000977,0.0001
2436825,4092,4475.0,,,,,,,,28188.00741124153,0.0001
2437764,4093,4275.0,,,,,,,,28199.610963106155,0.0001
2438874,4094,4825.0,,,,,,,,28213.311690330505,0.0001
2439723,4095,4875.0,,,,,,,,28223.82807636261,0.0001
2440722,4096,4475.0,,,,,,,,28236.23035621643,0.0001
2441554,4097,1000.0,,,,,,,,28246.595166921616,0.0001
2442447,4098,4875.0,,,,,,,,28257.666282892227,0.0001
2443191,4099,4250.0,,,,,,,,28266.9330868721,0.0001
2444348,4100,4475.0,,,,,,,,28281.229761362076,0.0001
2445307,4101,4300.0,,,,,,,,28293.142557621002,0.0001
2446221,4102,4325.0,,,,,,,,28304.539558410645,0.0001
2447006,4103,4525.0,,,,,,,,28314.216882944107,0.0001
2448253,4104,975.0,,,,,,,,28329.639446258545,0.0001
2448956,4105,4175.0,,,,,,,,28338.341217279434,0.0001
2449298,4106,275.0,,,,,,,,28342.60214495659,0.0001
2450060,4107,4300.0,,,,,,,,28352.039934635162,0.0001
2450701,4108,1150.0,,,,,,,,28360.10828280449,0.0001
2451482,4109,3800.0,,,,,,,,28369.77433848381,0.0001
2452710,4110,4850.0,,,,,,,,28384.938805103302,0.0001
2453811,4111,4200.0,,,,,,,,28398.568665266037,0.0001
2454774,4112,4850.0,,,,,,,,28410.552656650543,0.0001
2455725,4113,525.0,,,,,,,,28422.298311710358,0.0001
2457006,4114,4325.0,,,,,,,,28438.11133337021,0.0001
2457938,4115,4950.0,,,,,,,,28449.69740986824,0.0001
2459162,4116,4800.0,,,,,,,,28464.799250125885,0.0001
2460091,4117,4350.0,,,,,,,,28476.323337078094,0.0001
2461119,4118,4325.0,,,,,,,,28489.00234436989,0.0001
2461995,4119,4225.0,,,,,,,,28499.88179063797,0.0001
2462970,4120,4275.0,,,,,,,,28512.01041007042,0.0001
2463966,4121,5000.0,,,,,,,,28524.43084025383,0.0001
2464952,4122,4250.0,,,,,,,,28536.59319138527,0.0001
2465704,4123,4250.0,,,,,,,,28545.920035123825,0.0001
2466727,4124,4350.0,,,,,,,,28558.604158878326,0.0001
2467253,4125,850.0,,,,,,,,28565.184732675552,0.0001
2468067,4126,4350.0,,,,,,,,28575.303399324417,0.0001
2469012,4127,4200.0,,,,,,,,28586.925065755844,0.0001
2469885,4128,4275.0,,,,,,,,28597.754955768585,0.0001
2470805,4129,4875.0,,,,,,,,28609.212181568146,0.0001
2471907,4130,4350.0,,,,,,,,28622.831493616104,0.0001
2472730,4131,4250.0,,,,,,,,28633.149101495743,0.0001
2473595,4132,525.0,,,,,,,,28643.882624149323,0.0001
2474590,4133,4200.0,,,,,,,,28656.184715270996,0.0001
2475699,4134,4350.0,,,,,,,,28669.96984219551,0.0001
2476733,4135,4525.0,,,,,,,,28682.77799296379,0.0001
2477445,4136,4150.0,,,,,,,,28691.67450118065,0.0001
2478327,4137,4375.0,,,,,,,,28702.617782592773,0.0001
2479295,4138,4375.0,,,,,,,,28714.647416114807,0.0001
2480034,4139,4275.0,,,,,,,,28723.870625019073,0.0001
2480884,4140,4350.0,,,,,,,,28734.35593867302,0.0001
2481502,4141,4250.0,,,,,,,,28742.072004795074,0.0001
2482286,4142,4300.0,,,,,,,,28751.793278217316,0.0001
2483418,4143,4375.0,,,,,,,,28765.91928267479,0.0001
2484683,4144,4325.0,,,,,,,,28781.55967068672,0.0001
2485787,4145,4375.0,,,,,,,,28795.222182035446,0.0001
2486780,4146,4375.0,,,,,,,,28807.512409210205,0.0001
2487846,4147,4475.0,,,,,,,,28820.77624440193,0.0001
2488783,4148,4350.0,,,,,,,,28832.371082782745,0.0001
2489604,4149,4350.0,,,,,,,,28842.54467368126,0.0001
2490284,4150,850.0,,,,,,,,28850.976428747177,0.0001
2490944,4151,800.0,,,,,,,,28859.26452922821,0.0001
2491736,4152,4375.0,,,,,,,,28869.039413690567,0.0001
2492938,4153,4425.0,,,,,,,,28883.982084989548,0.0001
2493978,4154,4375.0,,,,,,,,28896.848603487015,0.0001
2494370,4155,600.0,,,,,,,,28901.69574737549,0.0001
2495206,4156,4325.0,,,,,,,,28912.039260149002,0.0001
2496216,4157,4350.0,,,,,,,,28924.551936626434,0.0001
2497014,4158,400.0,,,,,,,,28934.48931980133,0.0001
2498085,4159,4875.0,,,,,,,,28947.77851653099,0.0001
2499278,4160,4475.0,,,,,,,,28962.555430412292,0.0001
2500190,4161,4350.0,,,,,,,,28973.916939735413,0.0001
2501043,4162,4300.0,,,,,,,,28984.502646923065,0.0001
2501705,4163,750.0,,,,,,,,28992.798315286636,0.0001
2502760,4164,4400.0,,,,,,,,29005.831538438797,0.0001
2503837,4165,4425.0,,,,,,,,29019.203184843063,0.0001
2504720,4166,650.0,,,,,,,,29030.136100292206,0.0001
2505862,4167,4400.0,,,,,,,,29044.30318927765,0.0001
2506781,4168,4400.0,,,,,,,,29055.698165655136,0.0001
2507826,4169,4900.0,,,,,,,,29068.646884918213,0.0001
2509123,4170,4300.0,,,,,,,,29084.810792446136,0.0001
2510154,4171,4375.0,,,,,,,,29097.59420990944,0.0001
2511437,4172,4425.0,,,,,,,,29113.513420581818,0.0001
2512186,4173,4200.0,,,,,,,,29122.79146194458,0.0001
2512965,4174,4275.0,,,,,,,,29132.433771133423,0.0001
2514296,4175,4800.0,,,,,,,,29149.075141191483,0.0001
2515365,4176,4375.0,,,,,,,,29162.31088733673,0.0001
2516109,4177,850.0,,,,,,,,29171.494056224823,0.0001
2517011,4178,4325.0,,,,,,,,29182.660813570023,0.0001
2517607,4179,4250.0,,,,,,,,29190.08046913147,0.0001
2518420,4180,4400.0,,,,,,,,29200.166926145554,0.0001
2519403,4181,4200.0,,,,,,,,29212.3014523983,0.0001
2520225,4182,825.0,,,,,,,,29222.529708862305,0.0001
2520931,4183,4150.0,,,,,,,,29231.337720394135,0.0001
2521851,4184,4500.0,,,,,,,,29242.724095106125,0.0001
2523304,4185,4875.0,,,,,,,,29260.859216213226,0.0001
2524515,4186,4400.0,,,,,,,,29275.822756767273,0.0001
2525021,4187,800.0,,,,,,,,29282.12207174301,0.0001
2525658,4188,775.0,,,,,,,,29290.053437948227,0.0001
2526654,4189,4425.0,,,,,,,,29302.4680621624,0.0001
2527338,4190,4250.0,,,,,,,,29310.960126161575,0.0001
2528606,4191,4800.0,,,,,,,,29326.626690387726,0.0001
2529638,4192,4400.0,,,,,,,,29339.488115787506,0.0001
2530392,4193,775.0,,,,,,,,29348.800508737564,0.0001
2530716,4194,500.0,,,,,,,,29352.83393931389,0.0001
2531746,4195,4950.0,,,,,,,,29365.565427303314,0.0001
2532319,4196,4200.0,,,,,,,,29372.666197538376,0.0001
2533107,4197,875.0,,,,,,,,29382.517549037933,0.0001
2534268,4198,4900.0,,,,,,,,29396.991641283035,0.0001
2535279,4199,4825.0,,,,,,,,29409.664011478424,0.0001
2536077,4200,775.0,,,,,,,,29419.55398130417,0.0001
2537266,4201,4675.0,,,,,,,,29434.327191352844,0.0001
2538287,4202,4900.0,,,,,,,,29446.97806739807,0.0001
2538979,4203,825.0,,,,,,,,29455.630568504333,0.0001
2539632,4204,4175.0,,,,,,,,29463.732875347137,0.0001
2540688,4205,4350.0,,,,,,,,29476.730848312378,0.0001
2541629,4206,4300.0,,,,,,,,29488.327267885208,0.0001
2542031,4207,175.0,,,,,,,,29493.324320316315,0.0001
2542369,4208,500.0,,,,,,,,29497.54412460327,0.0001
2543065,4209,4325.0,,,,,,,,29506.199810504913,0.0001
2544394,4210,4225.0,,,,,,,,29522.696302175522,0.0001
2545468,4211,4425.0,,,,,,,,29535.993124246597,0.0001
2546154,4212,450.0,,,,,,,,29544.546217918396,0.0001
2547105,4213,950.0,,,,,,,,29556.395879745483,0.0001
2548271,4214,4525.0,,,,,,,,29570.875126838684,0.0001
2549148,4215,4875.0,,,,,,,,29581.76024580002,0.0001
2549857,4216,4325.0,,,,,,,,29590.649835824966,0.0001
2550761,4217,4450.0,,,,,,,,29601.85504579544,0.0001
2551160,4218,250.0,,,,,,,,29606.800181388855,0.0001
2551523,4219,300.0,,,,,,,,29611.2889816761,0.0001
2552164,4220,675.0,,,,,,,,29619.2209379673,0.0001
2553125,4221,4350.0,,,,,,,,29631.210875988007,0.0001
2553804,4222,350.0,,,,,,,,29639.589322566986,0.0001
2554647,4223,4425.0,,,,,,,,29650.031720638275,0.0001
2555296,4224,4200.0,,,,,,,,29658.096442699432,0.0001
2556340,4225,4725.0,,,,,,,,29671.01999282837,0.0001
2557450,4226,4375.0,,,,,,,,29684.778161764145,0.0001
2558126,4227,4225.0,,,,,,,,29693.094017267227,0.0001
2558981,4228,4950.0,,,,,,,,29703.685260534286,0.0001
2560045,4229,4775.0,,,,,,,,29716.903267621994,0.0001
2561180,4230,5250.0,,,,,,,,29730.90177178383,0.0001
2561960,4231,4200.0,,,,,,,,29740.620548725128,0.0001
2562726,4232,4375.0,,,,,,,,29750.189450263977,0.0001
2563544,4233,4225.0,,,,,,,,29760.38047862053,0.0001
2564683,4234,4350.0,,,,,,,,29774.454962968826,0.0001
2565502,4235,525.0,,,,,,,,29784.66401553154,0.0001
2566363,4236,4425.0,,,,,,,,29795.272123098373,0.0001
2567174,4237,4875.0,,,,,,,,29805.383856773376,0.0001
2568108,4238,4400.0,,,,,,,,29817.03778719902,0.0001
2568894,4239,4375.0,,,,,,,,29826.89478802681,0.0001
2569776,4240,4350.0,,,,,,,,29837.835334777832,0.0001
2570719,4241,4425.0,,,,,,,,29849.455903053284,0.0001
2571715,4242,5100.0,,,,,,,,29861.821769714355,0.0001
2572309,4243,4200.0,,,,,,,,29869.279154777527,0.0001
2573095,4244,4350.0,,,,,,,,29879.003708839417,0.0001
2573917,4245,4250.0,,,,,,,,29889.23910498619,0.0001
2574942,4246,4900.0,,,,,,,,29901.964282989502,0.0001
2575851,4247,4225.0,,,,,,,,29913.178539037704,0.0001
2576633,4248,4550.0,,,,,,,,29922.841181516647,0.0001
2577328,4249,825.0,,,,,,,,29931.454365968704,0.0001
2577957,4250,4275.0,,,,,,,,29939.271109104156,0.0001
2578619,4251,4150.0,,,,,,,,29947.467430353165,0.0001
2579376,4252,4375.0,,,,,,,,29956.943842172623,0.0001
2579992,4253,4150.0,,,,,,,,29964.614706277847,0.0001
2580538,4254,750.0,,,,,,,,29971.47550344467,0.0001
2580996,4255,825.0,,,,,,,,29977.1724588871,0.0001
2581786,4256,4350.0,,,,,,,,29987.011865377426,0.0001
2582359,4257,850.0,,,,,,,,29994.08979868889,0.0001
2583194,4258,4350.0,,,,,,,,30004.489664554596,0.0001
2583949,4259,4700.0,,,,,,,,30013.893097639084,0.0001
2584660,4260,4150.0,,,,,,,,30022.611082077026,0.0001
2585643,4261,4175.0,,,,,,,,30034.886939048767,0.0001
2586581,4262,4375.0,,,,,,,,30046.500862121582,0.0001
2587504,4263,4350.0,,,,,,,,30057.887147903442,0.0001
2588376,4264,4400.0,,,,,,,,30068.722449541092,0.0001
2589351,4265,4400.0,,,,,,,,30080.807192325592,0.0001
2590153,4266,4300.0,,,,,,,,30090.821131944656,0.0001
2591279,4267,4400.0,,,,,,,,30104.7949283123,0.0001
2592196,4268,4825.0,,,,,,,,30116.171940803528,0.0001
2593094,4269,4825.0,,,,,,,,30127.30448102951,0.0001
2594029,4270,4275.0,,,,,,,,30138.812994241714,0.0001
2594815,4271,4375.0,,,,,,,,30148.499376773834,0.0001
2595547,4272,4125.0,,,,,,,,30157.59444975853,0.0001
2596659,4273,4750.0,,,,,,,,30171.301662921906,0.0001
2597659,4274,4325.0,,,,,,,,30183.644625902176,0.0001
2598540,4275,4325.0,,,,,,,,30194.530450344086,0.0001
2599503,4276,4750.0,,,,,,,,30206.373289108276,0.0001
2600428,4277,4175.0,,,,,,,,30217.741738319397,0.0001
2601364,4278,4325.0,,,,,,,,30229.305701971054,0.0001
2602840,4279,4575.0,,,,,,,,30247.532593250275,0.0001
2603950,4280,4850.0,,,,,,,,30261.297078371048,0.0001
2604983,4281,4475.0,,,,,,,,30274.004481077194,0.0001
2606333,4282,4900.0,,,,,,,,30290.705322504044,0.0001
2607228,4283,825.0,,,,,,,,30301.76480793953,0.0001
2608362,4284,4400.0,,,,,,,,30315.83941102028,0.0001
2609257,4285,4350.0,,,,,,,,30326.891268014908,0.0001
2610029,4286,4375.0,,,,,,,,30336.47986125946,0.0001
2610746,4287,4175.0,,,,,,,,30345.38449025154,0.0001
2611784,4288,4375.0,,,,,,,,30358.151887893677,0.0001
2613037,4289,4400.0,,,,,,,,30373.68630027771,0.0001
2613493,4290,325.0,,,,,,,,30379.313458442688,0.0001
2614058,4291,475.0,,,,,,,,30386.33162355423,0.0001
2614676,4292,500.0,,,,,,,,30393.948440790176,0.0001
2615448,4293,4450.0,,,,,,,,30403.519077777863,0.0001
2615985,4294,1275.0,,,,,,,,30410.152411222458,0.0001
2616855,4295,4450.0,,,,,,,,30421.001289129257,0.0001
2617317,4296,825.0,,,,,,,,30426.75267291069,0.0001
2618371,4297,4375.0,,,,,,,,30439.747994184494,0.0001
2619171,4298,4325.0,,,,,,,,30449.706602811813,0.0001
2619977,4299,4975.0,,,,,,,,30459.67289662361,0.0001
2620825,4300,775.0,,,,,,,,30470.15071463585,0.0001
2621787,4301,4150.0,,,,,,,,30481.93243432045,0.0001
2622392,4302,4225.0,,,,,,,,30489.40937614441,0.0001
2623873,4303,4550.0,,,,,,,,30507.665982961655,0.0001
2624807,4304,4550.0,,,,,,,,30519.192222356796,0.0001
2625552,4305,4575.0,,,,,,,,30528.371460199356,0.0001
2626224,4306,975.0,,,,,,,,30536.68029332161,0.0001
2626816,4307,850.0,,,,,,,,30543.978461503983,0.0001
2627923,4308,4500.0,,,,,,,,30557.65073657036,0.0001
2628737,4309,4300.0,,,,,,,,30567.760529756546,0.0001
2629936,4310,4450.0,,,,,,,,30582.51755309105,0.0001
2630870,4311,4450.0,,,,,,,,30594.057480335236,0.0001
2631886,4312,4375.0,,,,,,,,30606.5012652874,0.0001
2632586,4313,3950.0,,,,,,,,30615.224816083908,0.0001
2633566,4314,4525.0,,,,,,,,30627.345414161682,0.0001
2634581,4315,4700.0,,,,,,,,30639.90116071701,0.0001
2635951,4316,4950.0,,,,,,,,30656.832717895508,0.0001
2636813,4317,675.0,,,,,,,,30667.471425533295,0.0001
2637656,4318,4350.0,,,,,,,,30677.832935094833,0.0001
2638107,4319,300.0,,,,,,,,30683.451303720474,0.0001
2638895,4320,4175.0,,,,,,,,30693.20059275627,0.0001
2639512,4321,4250.0,,,,,,,,30700.84615254402,0.0001
2640340,4322,4250.0,,,,,,,,30711.087423563004,0.0001
2640967,4323,1075.0,,,,,,,,30718.871550798416,0.0001
2641555,4324,875.0,,,,,,,,30726.132925748825,0.0001
2642638,4325,4350.0,,,,,,,,30739.586127996445,0.0001
2643240,4326,4275.0,,,,,,,,30747.042192459106,0.0001
2643762,4327,675.0,,,,,,,,30753.649642705917,0.0001
2644285,4328,850.0,,,,,,,,30760.123257875443,0.0001
2645292,4329,4200.0,,,,,,,,30772.48294520378,0.0001
2645736,4330,600.0,,,,,,,,30778.001851558685,0.0001
2646575,4331,825.0,,,,,,,,30788.47968196869,0.0001
2647200,4332,500.0,,,,,,,,30796.244206428528,0.0001
2648085,4333,475.0,,,,,,,,30807.297513484955,0.0001
2649387,4334,4550.0,,,,,,,,30823.325371026993,0.0001
2650057,4335,1050.0,,,,,,,,30831.717751026154,0.0001
2650970,4336,4375.0,,,,,,,,30843.010284423828,0.0001
2651995,4337,4375.0,,,,,,,,30855.7068669796,0.0001
2652742,4338,825.0,,,,,,,,30864.911510705948,0.0001
2653518,4339,3800.0,,,,,,,,30874.523918390274,0.0001
2654466,4340,4475.0,,,,,,,,30886.228704690933,0.0001
2654852,4341,650.0,,,,,,,,30891.015295267105,0.0001
2655647,4342,1200.0,,,,,,,,30900.803288698196,0.0001
2656814,4343,4800.0,,,,,,,,30915.230080127716,0.0001
2657779,4344,4425.0,,,,,,,,30927.129929304123,0.0001
2659050,4345,4525.0,,,,,,,,30942.810642957687,0.0001
2659847,4346,4350.0,,,,,,,,30952.682044267654,0.0001
2660455,4347,825.0,,,,,,,,30960.251141548157,0.0001
2661279,4348,4300.0,,,,,,,,30970.442853927612,0.0001
2661860,4349,4100.0,,,,,,,,30977.6407020092,0.0001
2663102,4350,5175.0,,,,,,,,30992.980218172073,0.0001
2664326,4351,4900.0,,,,,,,,31008.164791107178,0.0001
2665331,4352,5025.0,,,,,,,,31020.608646392822,0.0001
2665988,4353,250.0,,,,,,,,31028.77348470688,0.0001
2667063,4354,4600.0,,,,,,,,31042.07864332199,0.0001
2668363,4355,4350.0,,,,,,,,31058.182566165924,0.0001
2669544,4356,4900.0,,,,,,,,31072.763473033905,0.0001
2670542,4357,4325.0,,,,,,,,31085.186485290527,0.0001
2671175,4358,825.0,,,,,,,,31093.019921541214,0.0001
2671980,4359,4625.0,,,,,,,,31102.982003450394,0.0001
2672560,4360,275.0,,,,,,,,31110.128139972687,0.0001
2673183,4361,600.0,,,,,,,,31117.872687101364,0.0001
2673788,4362,850.0,,,,,,,,31125.323567152023,0.0001
2674527,4363,4275.0,,,,,,,,31134.464744091034,0.0001
2675348,4364,4225.0,,,,,,,,31144.60602068901,0.0001
2676164,4365,4300.0,,,,,,,,31154.63886642456,0.0001
2677235,4366,4350.0,,,,,,,,31167.89645075798,0.0001
2678111,4367,400.0,,,,,,,,31178.738613128662,0.0001
2679440,4368,4475.0,,,,,,,,31195.200312376022,0.0001
2680488,4369,4275.0,,,,,,,,31208.238604545593,0.0001
2681473,4370,4300.0,,,,,,,,31220.41475558281,0.0001
2682384,4371,4375.0,,,,,,,,31231.6534781456,0.0001
2682850,4372,550.0,,,,,,,,31237.432785987854,0.0001
2683830,4373,4450.0,,,,,,,,31249.65228676796,0.0001
2684777,4374,4275.0,,,,,,,,31261.36048269272,0.0001
2685734,4375,4775.0,,,,,,,,31273.22083425522,0.0001
2686445,4376,4275.0,,,,,,,,31282.016854286194,0.0001
2687446,4377,475.0,,,,,,,,31294.469709157944,0.0001
2688327,4378,4400.0,,,,,,,,31305.338666200638,0.0001
2689310,4379,4400.0,,,,,,,,31317.533260822296,0.0001
2690341,4380,3925.0,,,,,,,,31330.35701394081,0.0001
2691407,4381,4450.0,,,,,,,,31343.219356775284,0.0001
2692090,4382,400.0,,,,,,,,31351.50407767296,0.0001
2693093,4383,4325.0,,,,,,,,31363.68198275566,0.0001
2694068,4384,4125.0,,,,,,,,31375.473023176193,0.0001
2694439,4385,225.0,,,,,,,,31380.061858177185,0.0001
2695163,4386,4250.0,,,,,,,,31389.041301965714,0.0001
2696032,4387,4325.0,,,,,,,,31399.77149295807,0.0001
2697013,4388,4350.0,,,,,,,,31411.96254849434,0.0001
2697583,4389,550.0,,,,,,,,31419.06362056732,0.0001
2698933,4390,4500.0,,,,,,,,31435.89483356476,0.0001
2699932,4391,4350.0,,,,,,,,31448.251263141632,0.0001
2700973,4392,4400.0,,,,,,,,31461.071112394333,0.0001
2701628,4393,975.0,,,,,,,,31469.156772375107,0.0001
2702708,4394,4325.0,,,,,,,,31482.496728658676,0.0001
2703744,4395,4350.0,,,,,,,,31495.30817914009,0.0001
2704879,4396,4850.0,,,,,,,,31509.356039762497,0.0001
2705687,4397,4800.0,,,,,,,,31519.348113059998,0.0001
2706575,4398,3950.0,,,,,,,,31530.321756362915,0.0001
2707823,4399,4325.0,,,,,,,,31545.766882658005,0.0001
2708733,4400,4250.0,,,,,,,,31557.126725435257,0.0001
2709850,4401,4400.0,,,,,,,,31570.97829246521,0.0001
2710794,4402,4250.0,,,,,,,,31582.616189479828,0.0001
2711568,4403,4250.0,,,,,,,,31592.158289909363,0.0001
2712342,4404,4175.0,,,,,,,,31601.77066540718,0.0001
2713313,4405,4450.0,,,,,,,,31613.74103665352,0.0001
2714414,4406,4500.0,,,,,,,,31627.339868545532,0.0001
2715431,4407,4750.0,,,,,,,,31639.878184080124,0.0001
2716682,4408,4950.0,,,,,,,,31655.26368546486,0.0001
2717736,4409,5650.0,,,,,,,,31668.336786031723,0.0001
2718574,4410,4475.0,,,,,,,,31678.726370334625,0.0001
2719594,4411,4325.0,,,,,,,,31691.3152179718,0.0001
2720049,4412,475.0,,,,,,,,31697.01530957222,0.0001
2721026,4413,4875.0,,,,,,,,31709.183457136154,0.0001
2721801,4414,1075.0,,,,,,,,31718.774537086487,0.0001
2722557,4415,4325.0,,,,,,,,31728.123287677765,0.0001
2723505,4416,4475.0,,,,,,,,31739.876314401627,0.0001
2724467,4417,4750.0,,,,,,,,31751.845152139664,0.0001
2725531,4418,4975.0,,,,,,,,31764.950647830963,0.0001
2726475,4419,1350.0,,,,,,,,31776.74988436699,0.0001
2727532,4420,4725.0,,,,,,,,31789.879375696182,0.0001
2728913,4421,5825.0,,,,,,,,31806.99813747406,0.0001
2729826,4422,4825.0,,,,,,,,31818.25650191307,0.0001
2730384,4423,725.0,,,,,,,,31825.17831802368,0.0001
2730914,4424,400.0,,,,,,,,31831.83109331131,0.0001
2731712,4425,4425.0,,,,,,,,31841.6746032238,0.0001
2732536,4426,4250.0,,,,,,,,31851.84688949585,0.0001
2733450,4427,525.0,,,,,,,,31863.221210718155,0.0001
2734454,4428,4050.0,,,,,,,,31875.60087132454,0.0001
2735367,4429,4425.0,,,,,,,,31886.91959309578,0.0001
2736013,4430,700.0,,,,,,,,31894.893471956253,0.0001
2736656,4431,4250.0,,,,,,,,31902.839765548706,0.0001
2738079,4432,4850.0,,,,,,,,31920.4433529377,0.0001
2738786,4433,200.0,,,,,,,,31929.135802030563,0.0001
2739956,4434,4825.0,,,,,,,,31943.726318359375,0.0001
2741022,4435,4900.0,,,,,,,,31956.938782930374,0.0001
2742129,4436,4675.0,,,,,,,,31970.60464978218,0.0001
2742953,4437,4200.0,,,,,,,,31980.795931339264,0.0001
2743640,4438,4200.0,,,,,,,,31989.261352539062,0.0001
2744365,4439,4225.0,,,,,,,,31998.212842702866,0.0001
2745922,4440,4400.0,,,,,,,,32017.448419332504,0.0001
2746611,4441,4250.0,,,,,,,,32025.942863941193,0.0001
2747305,4442,4125.0,,,,,,,,32034.61256623268,0.0001
2747735,4443,650.0,,,,,,,,32039.949324846268,0.0001
2748563,4444,4600.0,,,,,,,,32050.191561222076,0.0001
2749489,4445,4325.0,,,,,,,,32061.75522994995,0.0001
2750392,4446,4375.0,,,,,,,,32072.78109383583,0.0001
2751222,4447,4350.0,,,,,,,,32083.029191732407,0.0001
2752042,4448,4450.0,,,,,,,,32093.11184644699,0.0001
2753306,4449,5125.0,,,,,,,,32108.66990685463,0.0001
2754212,4450,4325.0,,,,,,,,32119.87632584572,0.0001
2754973,4451,4175.0,,,,,,,,32129.280477285385,0.0001
2755673,4452,4225.0,,,,,,,,32137.887977838516,0.0001
2756216,4453,425.0,,,,,,,,32144.609167575836,0.0001
2756902,4454,4175.0,,,,,,,,32153.11711549759,0.0001
2757913,4455,4400.0,,,,,,,,32165.635942459106,0.0001
2758437,4456,725.0,,,,,,,,32172.158108234406,0.0001
2758948,4457,775.0,,,,,,,,32178.475004911423,0.0001
2759656,4458,4325.0,,,,,,,,32187.284618377686,0.0001
2760150,4459,725.0,,,,,,,,32193.500429153442,0.0001
2760936,4460,4300.0,,,,,,,,32203.264285087585,0.0001
2761640,4461,4375.0,,,,,,,,32212.013243436813,0.0001
2762619,4462,4275.0,,,,,,,,32224.144139528275,0.0001
2763488,4463,4250.0,,,,,,,,32234.900045871735,0.0001
2764769,4464,4825.0,,,,,,,,32250.756756305695,0.0001
2765434,4465,4075.0,,,,,,,,32259.02182674408,0.0001
2766518,4466,4425.0,,,,,,,,32272.44143462181,0.0001
2767322,4467,4275.0,,,,,,,,32282.402772426605,0.0001
2768530,4468,4300.0,,,,,,,,32297.41044473648,0.0001
2769303,4469,4300.0,,,,,,,,32307.004050016403,0.0001
2770426,4470,4450.0,,,,,,,,32320.85322856903,0.0001
2771268,4471,4350.0,,,,,,,,32331.265132904053,0.0001
2772092,4472,4225.0,,,,,,,,32341.463672161102,0.0001
2773464,4473,4300.0,,,,,,,,32358.457627534866,0.0001
2774226,4474,4225.0,,,,,,,,32367.877155542374,0.0001
2775204,4475,4375.0,,,,,,,,32380.051447868347,0.0001
2776240,4476,4350.0,,,,,,,,32392.920236110687,0.0001
2777078,4477,4400.0,,,,,,,,32403.349687814713,0.0001
2778016,4478,4275.0,,,,,,,,32415.051223278046,0.0001
2778983,4479,4375.0,,,,,,,,32426.961820602417,0.0001
2779925,4480,4275.0,,,,,,,,32438.584392786026,0.0001
2780844,4481,4150.0,,,,,,,,32449.98420572281,0.0001
2781981,4482,4300.0,,,,,,,,32464.107791900635,0.0001
2782984,4483,4375.0,,,,,,,,32476.470884799957,0.0001
2783857,4484,4325.0,,,,,,,,32487.246973991394,0.0001
2784955,4485,4550.0,,,,,,,,32500.8343501091,0.0001
2785906,4486,4200.0,,,,,,,,32512.652151346207,0.0001
2786700,4487,4250.0,,,,,,,,32522.4743309021,0.0001
2787584,4488,4275.0,,,,,,,,32533.382791996002,0.0001
2788546,4489,4000.0,,,,,,,,32545.290632724762,0.0001
2789580,4490,4400.0,,,,,,,,32558.066598653793,0.0001
2790826,4491,4325.0,,,,,,,,32573.513392686844,0.0001
2791834,4492,4350.0,,,,,,,,32585.71852684021,0.0001
2793176,4493,4325.0,,,,,,,,32602.22278046608,0.0001
2794069,4494,4350.0,,,,,,,,32613.228250980377,0.0001
2794536,4495,475.0,,,,,,,,32618.98366856575,0.0001
2795537,4496,4900.0,,,,,,,,32631.327481746674,0.0001
2796152,4497,4050.0,,,,,,,,32638.9323284626,0.0001
2797234,4498,4275.0,,,,,,,,32652.203592777252,0.0001
2798247,4499,4225.0,,,,,,,,32664.759716033936,0.0001
2799522,4500,4475.0,,,,,,,,32680.522188425064,0.0001
2800624,4501,4200.0,,,,,,,,32694.09884405136,0.0001
2801459,4502,4275.0,,,,,,,,32704.3929438591,0.0001
2802794,4503,4950.0,,,,,,,,32720.89045405388,0.0001
2803683,4504,4325.0,,,,,,,,32731.86044692993,0.0001
2804529,4505,4375.0,,,,,,,,32742.32072162628,0.0001
2805215,4506,4300.0,,,,,,,,32750.77036714554,0.0001
2805856,4507,4200.0,,,,,,,,32758.713198184967,0.0001
2806622,4508,4300.0,,,,,,,,32768.15473270416,0.0001
2806943,4509,250.0,,,,,,,,32772.11935758591,0.0001
2807870,4510,4275.0,,,,,,,,32783.666534900665,0.0001
2808811,4511,4225.0,,,,,,,,32795.225536584854,0.0001
2809820,4512,4350.0,,,,,,,,32807.587299346924,0.0001
2810857,4513,4375.0,,,,,,,,32820.37035703659,0.0001
2811762,4514,4300.0,,,,,,,,32831.61573076248,0.0001
2812529,4515,4250.0,,,,,,,,32841.26356840134,0.0001
2813331,4516,4275.0,,,,,,,,32851.168273448944,0.0001
2813805,4517,450.0,,,,,,,,32857.09966778755,0.0001
2815067,4518,5375.0,,,,,,,,32872.632112026215,0.0001
2816331,4519,4825.0,,,,,,,,32888.242894649506,0.0001
2817106,4520,4325.0,,,,,,,,32897.82028913498,0.0001
2817934,4521,4300.0,,,,,,,,32908.08132624626,0.0001
2819128,4522,4200.0,,,,,,,,32922.81115961075,0.0001
2819900,4523,4300.0,,,,,,,,32932.419905900955,0.0001
2820617,4524,4325.0,,,,,,,,32941.38288474083,0.0001
2821312,4525,4325.0,,,,,,,,32949.94732546806,0.0001
2822390,4526,4450.0,,,,,,,,32963.33531284332,0.0001
2823256,4527,4350.0,,,,,,,,32974.040296792984,0.0001
2824150,4528,4350.0,,,,,,,,32985.059307575226,0.0001
2825201,4529,4550.0,,,,,,,,32998.049716472626,0.0001
2826378,4530,4925.0,,,,,,,,33012.675587415695,0.0001
2827300,4531,4300.0,,,,,,,,33024.03840112686,0.0001
2828079,4532,4325.0,,,,,,,,33033.72746539116,0.0001
2828904,4533,4275.0,,,,,,,,33043.99786567688,0.0001
2829781,4534,4400.0,,,,,,,,33054.9168920517,0.0001
2830739,4535,4400.0,,,,,,,,33066.78507351875,0.0001
2831553,4536,4475.0,,,,,,,,33076.881106853485,0.0001
2832140,4537,4200.0,,,,,,,,33084.1238796711,0.0001
2833008,4538,4400.0,,,,,,,,33094.82412195206,0.0001
2833772,4539,4200.0,,,,,,,,33104.27018618584,0.0001
2834868,4540,4350.0,,,,,,,,33117.82796597481,0.0001
2835274,4541,850.0,,,,,,,,33122.886484861374,0.0001
2836415,4542,4425.0,,,,,,,,33137.098111867905,0.0001
2837193,4543,4175.0,,,,,,,,33146.77789258957,0.0001
2838278,4544,4500.0,,,,,,,,33160.11218547821,0.0001
2839176,4545,4275.0,,,,,,,,33171.157215833664,0.0001
2839602,4546,700.0,,,,,,,,33176.48850488663,0.0001
2840267,4547,4200.0,,,,,,,,33184.76249408722,0.0001
2841454,4548,4450.0,,,,,,,,33199.503531455994,0.0001
2842274,4549,4400.0,,,,,,,,33209.68546438217,0.0001
2843122,4550,4800.0,,,,,,,,33220.21417570114,0.0001
2844114,4551,4275.0,,,,,,,,33232.489978313446,0.0001
2845255,4552,4450.0,,,,,,,,33246.60101413727,0.0001
2846497,4553,4400.0,,,,,,,,33261.99678730965,0.0001
2847460,4554,4325.0,,,,,,,,33273.8925113678,0.0001
2848534,4555,4375.0,,,,,,,,33287.153900146484,0.0001
2849484,4556,4425.0,,,,,,,,33298.892446517944,0.0001
2850662,4557,4450.0,,,,,,,,33313.454154253006,0.0001
2851516,4558,4250.0,,,,,,,,33324.01655268669,0.0001
2852152,4559,4250.0,,,,,,,,33331.89052271843,0.0001
2852762,4560,4225.0,,,,,,,,33339.50942134857,0.0001
2853639,4561,4950.0,,,,,,,,33350.37414121628,0.0001
2854196,4562,4150.0,,,,,,,,33357.26238965988,0.0001
2855198,4563,4475.0,,,,,,,,33369.67128658295,0.0001
2856348,4564,4425.0,,,,,,,,33383.957146167755,0.0001
2857512,4565,4850.0,,,,,,,,33398.247487068176,0.0001
2858468,4566,4325.0,,,,,,,,33410.10062837601,0.0001
2858967,4567,475.0,,,,,,,,33416.30873465538,0.0001
2860215,4568,4400.0,,,,,,,,33431.7468624115,0.0001
2861230,4569,4400.0,,,,,,,,33444.36604332924,0.0001
2862534,4570,4550.0,,,,,,,,33460.44064116478,0.0001
2863610,4571,4575.0,,,,,,,,33473.805042266846,0.0001
2864228,4572,3875.0,,,,,,,,33481.429602861404,0.0001
2865647,4573,5325.0,,,,,,,,33498.974207639694,0.0001
2866748,4574,4275.0,,,,,,,,33512.592673778534,0.0001
2867621,4575,4275.0,,,,,,,,33523.43260741234,0.0001
2868565,4576,4325.0,,,,,,,,33535.11605548859,0.0001
2869473,4577,4675.0,,,,,,,,33546.32714509964,0.0001
2870440,4578,4425.0,,,,,,,,33558.22775554657,0.0001
2871418,4579,4550.0,,,,,,,,33570.39254951477,0.0001
2872458,4580,4325.0,,,,,,,,33583.16461253166,0.0001
2873582,4581,4350.0,,,,,,,,33597.13457393646,0.0001
2874837,4582,4400.0,,,,,,,,33612.64560675621,0.0001
2876197,4583,4450.0,,,,,,,,33629.43227100372,0.0001
2877122,4584,4425.0,,,,,,,,33640.80765461922,0.0001
2878243,4585,4475.0,,,,,,,,33654.60213112831,0.0001
2879371,4586,4450.0,,,,,,,,33668.582783937454,0.0001
2880464,4587,4475.0,,,,,,,,33682.105528116226,0.0001
2881369,4588,4525.0,,,,,,,,33693.30754852295,0.0001
2882051,4589,4150.0,,,,,,,,33701.66385388374,0.0001
2882745,4590,4300.0,,,,,,,,33710.29403424263,0.0001
2883675,4591,4500.0,,,,,,,,33721.80350470543,0.0001
2884611,4592,4300.0,,,,,,,,33733.38875770569,0.0001
2885031,4593,575.0,,,,,,,,33738.64842581749,0.0001
2885862,4594,4425.0,,,,,,,,33748.897678375244,0.0001
2887098,4595,4475.0,,,,,,,,33764.22923016548,0.0001
2887715,4596,850.0,,,,,,,,33771.81809425354,0.0001
2888685,4597,4475.0,,,,,,,,33783.814588308334,0.0001
2889507,4598,4200.0,,,,,,,,33794.004858493805,0.0001
2890739,4599,4400.0,,,,,,,,33809.18601536751,0.0001
2891841,4600,4375.0,,,,,,,,33822.7382004261,0.0001
2892557,4601,4250.0,,,,,,,,33831.670734643936,0.0001
2893199,4602,4300.0,,,,,,,,33839.6019449234,0.0001
2894285,4603,4350.0,,,,,,,,33853.04864192009,0.0001
2895383,4604,4475.0,,,,,,,,33866.64663004875,0.0001
2896202,4605,4375.0,,,,,,,,33876.86562347412,0.0001
2897485,4606,4450.0,,,,,,,,33892.71773958206,0.0001
2897927,4607,575.0,,,,,,,,33898.16506409645,0.0001
2898891,4608,5025.0,,,,,,,,33910.088738918304,0.0001
2899678,4609,775.0,,,,,,,,33919.90342640877,0.0001
2900181,4610,750.0,,,,,,,,33926.202615737915,0.0001
2901173,4611,4500.0,,,,,,,,33938.41351389885,0.0001
2902039,4612,4325.0,,,,,,,,33949.186123371124,0.0001
2903169,4613,4400.0,,,,,,,,33963.264439582825,0.0001
2904282,4614,4350.0,,,,,,,,33977.01233267784,0.0001
2905431,4615,4350.0,,,,,,,,33991.235266685486,0.0001
2906430,4616,4500.0,,,,,,,,34003.58562254906,0.0001
2907701,4617,4400.0,,,,,,,,34019.367705106735,0.0001
2908845,4618,4500.0,,,,,,,,34033.511717796326,0.0001
2909724,4619,600.0,,,,,,,,34044.34528541565,0.0001
2910736,4620,4350.0,,,,,,,,34056.856209754944,0.0001
2911525,4621,4525.0,,,,,,,,34066.61814260483,0.0001
2911888,4622,625.0,,,,,,,,34071.13201570511,0.0001
2912878,4623,4450.0,,,,,,,,34083.38737535477,0.0001
2913863,4624,4400.0,,,,,,,,34095.62330818176,0.0001
2914797,4625,4450.0,,,,,,,,34107.17456102371,0.0001
2915478,4626,4125.0,,,,,,,,34115.567101955414,0.0001
2916598,4627,4425.0,,,,,,,,34129.422072172165,0.0001
2917454,4628,4300.0,,,,,,,,34139.99544548988,0.0001
2918402,4629,4325.0,,,,,,,,34151.74316215515,0.0001
2919639,4630,4450.0,,,,,,,,34166.92942428589,0.0001
2920371,4631,4400.0,,,,,,,,34175.91517996788,0.0001
2921501,4632,4450.0,,,,,,,,34189.81056809425,0.0001
2922411,4633,4850.0,,,,,,,,34201.029535770416,0.0001
2922884,4634,350.0,,,,,,,,34206.885952949524,0.0001
2924035,4635,4350.0,,,,,,,,34221.1020488739,0.0001
2925168,4636,4375.0,,,,,,,,34235.09833598137,0.0001
2926055,4637,4325.0,,,,,,,,34246.065131664276,0.0001
2927038,4638,4300.0,,,,,,,,34258.25209927559,0.0001
2928428,4639,4550.0,,,,,,,,34275.49062681198,0.0001
2929229,4640,4300.0,,,,,,,,34285.53636240959,0.0001
2929998,4641,4325.0,,,,,,,,34295.104910850525,0.0001
2930832,4642,4350.0,,,,,,,,34305.56303071976,0.0001
2931938,4643,4400.0,,,,,,,,34319.372698783875,0.0001
2933068,4644,4850.0,,,,,,,,34333.316719055176,0.0001
2933717,4645,4325.0,,,,,,,,34341.32682681084,0.0001
2934706,4646,4475.0,,,,,,,,34353.504217624664,0.0001
2935490,4647,4350.0,,,,,,,,34363.17973780632,0.0001
2936202,4648,4200.0,,,,,,,,34371.97055864334,0.0001
2937206,4649,4800.0,,,,,,,,34384.369322538376,0.0001
2938316,4650,4350.0,,,,,,,,34398.09054970741,0.0001
2939293,4651,4400.0,,,,,,,,34410.15570282936,0.0001
2940341,4652,4225.0,,,,,,,,34423.03988194466,0.0001
2941124,4653,4325.0,,,,,,,,34432.60766005516,0.0001
2942137,4654,4425.0,,,,,,,,34445.11414003372,0.0001
2942916,4655,4250.0,,,,,,,,34454.77289772034,0.0001
2943655,4656,4375.0,,,,,,,,34463.878044605255,0.0001
2944768,4657,4475.0,,,,,,,,34477.56808209419,0.0001
2945757,4658,4475.0,,,,,,,,34489.71616888046,0.0001
2946873,4659,4775.0,,,,,,,,34503.50314736366,0.0001
2948174,4660,4875.0,,,,,,,,34519.5362637043,0.0001
2949092,4661,4300.0,,,,,,,,34530.85359668732,0.0001
2950500,4662,4425.0,,,,,,,,34548.31818127632,0.0001
2951532,4663,4375.0,,,,,,,,34561.06198430061,0.0001
2952554,4664,4425.0,,,,,,,,34573.72252035141,0.0001
2953899,4665,4950.0,,,,,,,,34590.3668076992,0.0001
2954538,4666,4250.0,,,,,,,,34598.223283052444,0.0001
2955943,4667,4550.0,,,,,,,,34615.56658029556,0.0001
2956827,4668,4375.0,,,,,,,,34626.56432676315,0.0001
2957859,4669,4450.0,,,,,,,,34639.32746171951,0.0001
2959040,4670,4850.0,,,,,,,,34653.90806341171,0.0001
2959914,4671,4500.0,,,,,,,,34664.693502664566,0.0001
2960245,4672,425.0,,,,,,,,34668.84702849388,0.0001
2961406,4673,4875.0,,,,,,,,34683.25705957413,0.0001
2962695,4674,4325.0,,,,,,,,34699.117977142334,0.0001
2963745,4675,4450.0,,,,,,,,34712.09723544121,0.0001
2964444,4676,4200.0,,,,,,,,34720.76881790161,0.0001
2965809,4677,4450.0,,,,,,,,34737.67656350136,0.0001
2966633,4678,4350.0,,,,,,,,34747.96217942238,0.0001
2967523,4679,825.0,,,,,,,,34758.99367022514,0.0001
2968297,4680,4325.0,,,,,,,,34768.59011077881,0.0001
2969449,4681,4350.0,,,,,,,,34782.891660928726,0.0001
2970380,4682,5150.0,,,,,,,,34794.41052699089,0.0001
2971106,4683,4300.0,,,,,,,,34803.478016376495,0.0001
2971880,4684,4350.0,,,,,,,,34812.98727416992,0.0001
2973182,4685,5275.0,,,,,,,,34829.15456390381,0.0001
2973874,4686,200.0,,,,,,,,34837.79655480385,0.0001
2974807,4687,4925.0,,,,,,,,34849.26003408432,0.0001
2976011,4688,4350.0,,,,,,,,34864.10395812988,0.0001
2976783,4689,375.0,,,,,,,,34873.697345495224,0.0001
2977390,4690,4200.0,,,,,,,,34881.22312808037,0.0001
2978355,4691,4525.0,,,,,,,,34893.2297577858,0.0001
2979010,4692,4225.0,,,,,,,,34901.316052913666,0.0001
2980277,4693,4400.0,,,,,,,,34917.01501131058,0.0001
2981146,4694,3900.0,,,,,,,,34927.783556461334,0.0001
2981991,4695,4325.0,,,,,,,,34938.230617046356,0.0001
2982409,4696,400.0,,,,,,,,34943.48916077614,0.0001
2983046,4697,825.0,,,,,,,,34951.38773202896,0.0001
2983893,4698,4425.0,,,,,,,,34961.88881754875,0.0001
2984357,4699,475.0,,,,,,,,34967.6735162735,0.0001
2984975,4700,450.0,,,,,,,,34975.291270017624,0.0001
2985364,4701,500.0,,,,,,,,34980.18506574631,0.0001
2986550,4702,7750.0,,,,,,,,34994.875475645065,0.0001
2987689,4703,4325.0,,,,,,,,35008.95459771156,0.0001
2988497,4704,4300.0,,,,,,,,35018.95700573921,0.0001
2988995,4705,525.0,,,,,,,,35025.112689733505,0.0001
2990013,4706,4525.0,,,,,,,,35037.718008995056,0.0001
2991094,4707,4450.0,,,,,,,,35051.061170101166,0.0001
2991820,4708,4100.0,,,,,,,,35060.00464010239,0.0001
2992762,4709,4300.0,,,,,,,,35071.80560398102,0.0001
2993640,4710,4350.0,,,,,,,,35082.59679937363,0.0001
2994961,4711,5025.0,,,,,,,,35098.966413497925,0.0001
2995514,4712,850.0,,,,,,,,35105.83231425285,0.0001
2996139,4713,4150.0,,,,,,,,35113.51138353348,0.0001
2997294,4714,4900.0,,,,,,,,35127.7827796936,0.0001
2997867,4715,925.0,,,,,,,,35134.93595123291,0.0001
2998902,4716,4500.0,,,,,,,,35147.73785495758,0.0001
2999272,4717,175.0,,,,,,,,35152.317789554596,0.0001
3000352,4718,4375.0,,,,,,,,35165.611513376236,0.0001
3001384,4719,4375.0,,,,,,,,35178.39134669304,0.0001
3002158,4720,500.0,,,,,,,,35188.00625085831,0.0001
3003245,4721,4450.0,,,,,,,,35201.44242024422,0.0001
3004757,4722,4425.0,,,,,,,,35220.11394715309,0.0001
3005526,4723,4375.0,,,,,,,,35229.743584394455,0.0001
3006515,4724,8200.0,,,,,,,,35242.02987599373,0.0001
3007353,4725,4325.0,,,,,,,,35252.41632437706,0.0001
3008267,4726,4425.0,,,,,,,,35263.713899850845,0.0001
3009587,4727,4875.0,,,,,,,,35279.93528962135,0.0001
3010760,4728,4450.0,,,,,,,,35294.424887895584,0.0001
3011291,4729,4100.0,,,,,,,,35301.019966840744,0.0001
3012239,4730,4425.0,,,,,,,,35312.72865438461,0.0001
3013254,4731,4300.0,,,,,,,,35325.28574705124,0.0001
3013787,4732,750.0,,,,,,,,35331.867326021194,0.0001
3014774,4733,4825.0,,,,,,,,35344.05988240242,0.0001
3015921,4734,4400.0,,,,,,,,35358.2477517128,0.0001
3016981,4735,4225.0,,,,,,,,35371.39276456833,0.0001
3018008,4736,4275.0,,,,,,,,35384.11512994766,0.0001
3018807,4737,4300.0,,,,,,,,35393.996106147766,0.0001
3019540,4738,4275.0,,,,,,,,35403.02827954292,0.0001
3020504,4739,4300.0,,,,,,,,35414.928901433945,0.0001
3021355,4740,4250.0,,,,,,,,35425.37156486511,0.0001
3022076,4741,4275.0,,,,,,,,35434.343883514404,0.0001
3022775,4742,4450.0,,,,,,,,35442.96057963371,0.0001
3023811,4743,4475.0,,,,,,,,35455.86074399948,0.0001
3024849,4744,4400.0,,,,,,,,35468.688104867935,0.0001
3025860,4745,4800.0,,,,,,,,35481.200501441956,0.0001
3026599,4746,3800.0,,,,,,,,35490.367760658264,0.0001
3027487,4747,4300.0,,,,,,,,35501.41580533981,0.0001
3028149,4748,4050.0,,,,,,,,35509.70538020134,0.0001
3028840,4749,4325.0,,,,,,,,35518.24178433418,0.0001
3029890,4750,4375.0,,,,,,,,35531.193585157394,0.0001
3030359,4751,450.0,,,,,,,,35537.02659153938,0.0001
3030892,4752,825.0,,,,,,,,35543.576476335526,0.0001
3031550,4753,3875.0,,,,,,,,35551.799577474594,0.0001
3032365,4754,4425.0,,,,,,,,35561.87811756134,0.0001
3033735,4755,4925.0,,,,,,,,35578.79636287689,0.0001
3034869,4756,4500.0,,,,,,,,35592.85499000549,0.0001
3035558,4757,4350.0,,,,,,,,35601.450031757355,0.0001
3036766,4758,4500.0,,,,,,,,35616.39480304718,0.0001
3038043,4759,4475.0,,,,,,,,35632.16857767105,0.0001
3039368,4760,4475.0,,,,,,,,35648.51375555992,0.0001
3040728,4761,4900.0,,,,,,,,35665.2903110981,0.0001
3041443,4762,1325.0,,,,,,,,35674.11336183548,0.0001
3042165,4763,4350.0,,,,,,,,35683.05889868736,0.0001
3043518,4764,4425.0,,,,,,,,35699.4062833786,0.0001
3044474,4765,4300.0,,,,,,,,35710.9504840374,0.0001
3045328,4766,4325.0,,,,,,,,35721.24591755867,0.0001
3045726,4767,575.0,,,,,,,,35726.114694833755,0.0001
3046799,4768,4350.0,,,,,,,,35739.18332219124,0.0001
3047882,4769,4350.0,,,,,,,,35752.37929868698,0.0001
3049036,4770,4400.0,,,,,,,,35766.37264752388,0.0001
3050101,4771,4450.0,,,,,,,,35779.32444548607,0.0001
3051112,4772,4350.0,,,,,,,,35791.519543886185,0.0001
3051443,4773,550.0,,,,,,,,35795.60344672203,0.0001
3052470,4774,4350.0,,,,,,,,35808.071695804596,0.0001
3053445,4775,4400.0,,,,,,,,35819.89080929756,0.0001
3054689,4776,4300.0,,,,,,,,35834.93553519249,0.0001
3055695,4777,4475.0,,,,,,,,35847.090809583664,0.0001
3056793,4778,4400.0,,,,,,,,35860.40409564972,0.0001
3057729,4779,4350.0,,,,,,,,35872.02714705467,0.0001
3058663,4780,4425.0,,,,,,,,35883.560131788254,0.0001
3059307,4781,4275.0,,,,,,,,35891.581483602524,0.0001
3060006,4782,4150.0,,,,,,,,35900.31670951843,0.0001
3061415,4783,4875.0,,,,,,,,35917.58563232422,0.0001
3062646,4784,4550.0,,,,,,,,35932.90959215164,0.0001
3063829,4785,4475.0,,,,,,,,35947.580352306366,0.0001
3065025,4786,4175.0,,,,,,,,35962.40392589569,0.0001
3066001,4787,4275.0,,,,,,,,35974.39010596275,0.0001
3066645,4788,675.0,,,,,,,,35982.39483046532,0.0001
3067861,4789,4950.0,,,,,,,,35997.49077582359,0.0001
3068777,4790,4050.0,,,,,,,,36008.78388261795,0.0001
3069976,4791,4225.0,,,,,,,,36023.65458416939,0.0001
3070864,4792,4450.0,,,,,,,,36034.70694231987,0.0001
3071933,4793,4900.0,,,,,,,,36048.00548243523,0.0001
3072955,4794,4950.0,,,,,,,,36060.64164495468,0.0001
3073922,4795,4375.0,,,,,,,,36072.64545631409,0.0001
3074703,4796,4350.0,,,,,,,,36082.15254545212,0.0001
3075686,4797,4425.0,,,,,,,,36094.144611120224,0.0001
3076529,4798,4375.0,,,,,,,,36104.57191443443,0.0001
3077396,4799,4375.0,,,,,,,,36115.31615447998,0.0001
3078121,4800,4325.0,,,,,,,,36124.31296491623,0.0001
3078888,4801,4225.0,,,,,,,,36133.739451646805,0.0001
3079687,4802,4250.0,,,,,,,,36143.61125898361,0.0001
3080724,4803,4325.0,,,,,,,,36156.462110996246,0.0001
3081781,4804,4375.0,,,,,,,,36169.493060827255,0.0001
3082686,4805,4375.0,,,,,,,,36180.71035170555,0.0001
3083320,4806,4175.0,,,,,,,,36188.543150901794,0.0001
3084158,4807,4400.0,,,,,,,,36198.8805308342,0.0001
3084683,4808,450.0,,,,,,,,36205.40799450874,0.0001
3085375,4809,4300.0,,,,,,,,36213.78220629692,0.0001
3086120,4810,750.0,,,,,,,,36222.948430776596,0.0001
3087172,4811,4375.0,,,,,,,,36235.95949792862,0.0001
3087959,4812,4250.0,,,,,,,,36245.66415190697,0.0001
3088770,4813,4325.0,,,,,,,,36255.75615978241,0.0001
3089865,4814,4500.0,,,,,,,,36269.33587765694,0.0001
3091276,4815,4400.0,,,,,,,,36286.83088541031,0.0001
3092679,4816,4975.0,,,,,,,,36304.15199422836,0.0001
3093555,4817,4525.0,,,,,,,,36314.988167762756,0.0001
3094674,4818,4425.0,,,,,,,,36328.83041167259,0.0001
3095502,4819,4350.0,,,,,,,,36339.063351392746,0.0001
3096764,4820,4375.0,,,,,,,,36354.65832257271,0.0001
3097682,4821,4375.0,,,,,,,,36366.00128030777,0.0001
3098482,4822,4300.0,,,,,,,,36375.92715597153,0.0001
3099523,4823,4350.0,,,,,,,,36388.83807015419,0.0001
3100287,4824,4375.0,,,,,,,,36398.29609775543,0.0001
3100902,4825,4275.0,,,,,,,,36405.92739653587,0.0001
3102309,4826,5050.0,,,,,,,,36423.321338653564,0.0001
3103523,4827,4475.0,,,,,,,,36438.382195949554,0.0001
3104403,4828,4400.0,,,,,,,,36449.22567629814,0.0001
3104948,4829,4025.0,,,,,,,,36455.97315168381,0.0001
3106067,4830,4425.0,,,,,,,,36469.78915858269,0.0001
3106497,4831,500.0,,,,,,,,36475.13832402229,0.0001
3107909,4832,4525.0,,,,,,,,36492.46122121811,0.0001
3108896,4833,4425.0,,,,,,,,36504.66281938553,0.0001
3110065,4834,4475.0,,,,,,,,36519.15306162834,0.0001
3111288,4835,4850.0,,,,,,,,36534.28276348114,0.0001
3112801,4836,4900.0,,,,,,,,36553.007865428925,0.0001
3113760,4837,4225.0,,,,,,,,36564.855625629425,0.0001
3114661,4838,4350.0,,,,,,,,36575.77960586548,0.0001
3115987,4839,5050.0,,,,,,,,36591.79825258255,0.0001
3117033,4840,4350.0,,,,,,,,36604.63493967056,0.0001
3118482,4841,4425.0,,,,,,,,36622.63470983505,0.0001
3119741,4842,4475.0,,,,,,,,36638.200182676315,0.0001
3120897,4843,4450.0,,,,,,,,36652.649689912796,0.0001
3122076,4844,4425.0,,,,,,,,36667.13032722473,0.0001
3123014,4845,4300.0,,,,,,,,36678.737664461136,0.0001
3124280,4846,7575.0,,,,,,,,36694.30475521088,0.0001
3125177,4847,4400.0,,,,,,,,36705.44629216194,0.0001
3126021,4848,4225.0,,,,,,,,36715.880575180054,0.0001
3127002,4849,4350.0,,,,,,,,36728.05661416054,0.0001
3128020,4850,4375.0,,,,,,,,36740.650578022,0.0001
3128965,4851,4450.0,,,,,,,,36752.42473387718,0.0001
3130112,4852,4850.0,,,,,,,,36766.558995485306,0.0001
3130892,4853,4275.0,,,,,,,,36776.26990652084,0.0001
3131929,4854,4450.0,,,,,,,,36789.1829931736,0.0001
3132368,4855,350.0,,,,,,,,36794.59570360184,0.0001
3133361,4856,4450.0,,,,,,,,36806.91485595703,0.0001
3134537,4857,4725.0,,,,,,,,36821.45896482468,0.0001
3135528,4858,4350.0,,,,,,,,36833.71621131897,0.0001
3136596,4859,4450.0,,,,,,,,36846.9419157505,0.0001
3137439,4860,4375.0,,,,,,,,36857.44823408127,0.0001
3138337,4861,4950.0,,,,,,,,36868.71874833107,0.0001
3139142,4862,3925.0,,,,,,,,36878.70091199875,0.0001
3140319,4863,4875.0,,,,,,,,36893.21999001503,0.0001
3141209,4864,4400.0,,,,,,,,36904.265671253204,0.0001
3142214,4865,4350.0,,,,,,,,36916.70060658455,0.0001
3142886,4866,4250.0,,,,,,,,36925.00744628906,0.0001
3144003,4867,4450.0,,,,,,,,36938.83229994774,0.0001
3145009,4868,4825.0,,,,,,,,36951.34659790993,0.0001
3145891,4869,4175.0,,,,,,,,36962.24140667915,0.0001
3146543,4870,525.0,,,,,,,,36970.32480072975,0.0001
3147948,4871,4400.0,,,,,,,,36987.7426404953,0.0001
3149113,4872,4375.0,,,,,,,,37002.12092256546,0.0001
3150218,4873,4450.0,,,,,,,,37015.76028037071,0.0001
3151042,4874,4300.0,,,,,,,,37025.90046977997,0.0001
3152007,4875,4425.0,,,,,,,,37037.848428964615,0.0001
3152983,4876,4300.0,,,,,,,,37050.00557613373,0.0001
3154202,4877,4425.0,,,,,,,,37065.11773562431,0.0001
3155188,4878,4850.0,,,,,,,,37077.31898665428,0.0001
3155735,4879,825.0,,,,,,,,37084.2253344059,0.0001
3156625,4880,4400.0,,,,,,,,37095.261152267456,0.0001
3157653,4881,4425.0,,,,,,,,37107.96552300453,0.0001
3158720,4882,4700.0,,,,,,,,37121.11067819595,0.0001
3159673,4883,4800.0,,,,,,,,37132.96984362602,0.0001
3160778,4884,4350.0,,,,,,,,37146.56745457649,0.0001
3162094,4885,4575.0,,,,,,,,37162.85875296593,0.0001
3163401,4886,4475.0,,,,,,,,37178.92364144325,0.0001
3164475,4887,7800.0,,,,,,,,37192.23010611534,0.0001
3165388,4888,4350.0,,,,,,,,37203.58418726921,0.0001
3166311,4889,4350.0,,,,,,,,37215.08120250702,0.0001
3167233,4890,4500.0,,,,,,,,37226.48871469498,0.0001
3168385,4891,4375.0,,,,,,,,37240.85058236122,0.0001
3169294,4892,4950.0,,,,,,,,37252.12925410271,0.0001
3170120,4893,4425.0,,,,,,,,37262.37797498703,0.0001
3171235,4894,4375.0,,,,,,,,37276.20909714699,0.0001
3172269,4895,4400.0,,,,,,,,37289.01176571846,0.0001
3173163,4896,4425.0,,,,,,,,37300.07793831825,0.0001
3174313,4897,4350.0,,,,,,,,37314.27925610542,0.0001
3175494,4898,4375.0,,,,,,,,37328.78418493271,0.0001
3176265,4899,4300.0,,,,,,,,37338.35494709015,0.0001
3177130,4900,750.0,,,,,,,,37349.03615307808,0.0001
3178181,4901,4250.0,,,,,,,,37362.040488004684,0.0001
3179382,4902,5375.0,,,,,,,,37376.78960776329,0.0001
3180293,4903,4350.0,,,,,,,,37388.09638142586,0.0001
3181185,4904,4100.0,,,,,,,,37399.1578104496,0.0001
3181730,4905,4025.0,,,,,,,,37405.90166640282,0.0001
3182627,4906,4375.0,,,,,,,,37417.006737709045,0.0001
3183377,4907,4500.0,,,,,,,,37426.30246925354,0.0001
3184354,4908,4375.0,,,,,,,,37438.35052728653,0.0001
3185528,4909,4375.0,,,,,,,,37452.88378071785,0.0001
3186521,4910,925.0,,,,,,,,37465.18568134308,0.0001
3187257,4911,4350.0,,,,,,,,37474.27687931061,0.0001
3188288,4912,4425.0,,,,,,,,37487.01138496399,0.0001
3189460,4913,4425.0,,,,,,,,37501.54155397415,0.0001
3190072,4914,4200.0,,,,,,,,37509.134027957916,0.0001
3190961,4915,4350.0,,,,,,,,37520.12914156914,0.0001
3191933,4916,4325.0,,,,,,,,37532.24877715111,0.0001
3192807,4917,4400.0,,,,,,,,37543.06980895996,0.0001
3193696,4918,4325.0,,,,,,,,37554.01289463043,0.0001
3194562,4919,4100.0,,,,,,,,37564.89512372017,0.0001
3195554,4920,4325.0,,,,,,,,37577.15141630173,0.0001
3196607,4921,4400.0,,,,,,,,37590.13156199455,0.0001
3197559,4922,4450.0,,,,,,,,37601.87667679787,0.0001
3198610,4923,4400.0,,,,,,,,37614.88209748268,0.0001
3199580,4924,4450.0,,,,,,,,37626.84824991226,0.0001
3200630,4925,4350.0,,,,,,,,37639.83957982063,0.0001
3201388,4926,4250.0,,,,,,,,37649.22818565369,0.0001
3202311,4927,4375.0,,,,,,,,37660.488478422165,0.0001
3203092,4928,4350.0,,,,,,,,37669.92820715904,0.0001
3203943,4929,4425.0,,,,,,,,37680.19808888435,0.0001
3204878,4930,4400.0,,,,,,,,37691.47926235199,0.0001
3205620,4931,4250.0,,,,,,,,37700.47607135773,0.0001
3206527,4932,4325.0,,,,,,,,37711.64377331734,0.0001
3207724,4933,4400.0,,,,,,,,37726.44365692139,0.0001
3209017,4934,4875.0,,,,,,,,37742.40894269943,0.0001
3210125,4935,4275.0,,,,,,,,37756.032383441925,0.0001
3210875,4936,4075.0,,,,,,,,37765.322400569916,0.0001
3211986,4937,4550.0,,,,,,,,37779.05940532684,0.0001
3213052,4938,4400.0,,,,,,,,37792.27657389641,0.0001
3213875,4939,4225.0,,,,,,,,37802.39543962479,0.0001
3214863,4940,4400.0,,,,,,,,37814.55223727226,0.0001
3216050,4941,4450.0,,,,,,,,37829.11839723587,0.0001
3216897,4942,4325.0,,,,,,,,37839.51758265495,0.0001
3217473,4943,1075.0,,,,,,,,37846.6818959713,0.0001
3218750,4944,4975.0,,,,,,,,37862.43358182907,0.0001
3219819,4945,4525.0,,,,,,,,37875.61805319786,0.0001
3220747,4946,4375.0,,,,,,,,37887.113976716995,0.0001
3221733,4947,4400.0,,,,,,,,37899.332714796066,0.0001
3222203,4948,3975.0,,,,,,,,37905.19169139862,0.0001
3223122,4949,4500.0,,,,,,,,37916.639204740524,0.0001
3224436,4950,4950.0,,,,,,,,37932.85702896118,0.0001
3224978,4951,825.0,,,,,,,,37939.58594560623,0.0001
3226283,4952,4450.0,,,,,,,,37955.81406402588,0.0001
3227003,4953,725.0,,,,,,,,37964.83796954155,0.0001
3227777,4954,4300.0,,,,,,,,37974.52856254578,0.0001
3228257,4955,775.0,,,,,,,,37980.51907205582,0.0001
3228706,4956,800.0,,,,,,,,37986.10047912598,0.0001
3229511,4957,4400.0,,,,,,,,37996.006422519684,0.0001
3230857,4958,4925.0,,,,,,,,38012.63989830017,0.0001
3231543,4959,4450.0,,,,,,,,38021.18791151047,0.0001
3233073,4960,4575.0,,,,,,,,38040.107140779495,0.0001
3233962,4961,4575.0,,,,,,,,38051.09507846832,0.0001
3234688,4962,4375.0,,,,,,,,38060.1041533947,0.0001
3235874,4963,4350.0,,,,,,,,38074.79786324501,0.0001
3236824,4964,4325.0,,,,,,,,38086.47017931938,0.0001
3237975,4965,4500.0,,,,,,,,38100.695947647095,0.0001
3238687,4966,4275.0,,,,,,,,38109.47927522659,0.0001
3239508,4967,3975.0,,,,,,,,38119.69395971298,0.0001
3240394,4968,4175.0,,,,,,,,38130.60158967972,0.0001
3241388,4969,4400.0,,,,,,,,38142.86532378197,0.0001
3242586,4970,4425.0,,,,,,,,38157.70446944237,0.0001
3243596,4971,4400.0,,,,,,,,38170.200879096985,0.0001
3244466,4972,4450.0,,,,,,,,38181.02346324921,0.0001
3245155,4973,4475.0,,,,,,,,38189.58432531357,0.0001
3246098,4974,4500.0,,,,,,,,38201.29963493347,0.0001
3247049,4975,4850.0,,,,,,,,38213.077718019485,0.0001
3248074,4976,4500.0,,,,,,,,38225.735313653946,0.0001
3248978,4977,4450.0,,,,,,,,38236.869988679886,0.0001
3250445,4978,4525.0,,,,,,,,38255.02870750427,0.0001
3251574,4979,4450.0,,,,,,,,38268.9323451519,0.0001
3252320,4980,4275.0,,,,,,,,38278.14869427681,0.0001
3253871,4981,4425.0,,,,,,,,38297.333480119705,0.0001
3255292,4982,4850.0,,,,,,,,38314.83435845375,0.0001
3256396,4983,4500.0,,,,,,,,38328.442501306534,0.0001
3257638,4984,4400.0,,,,,,,,38343.78520321846,0.0001
3258378,4985,4000.0,,,,,,,,38352.98305892944,0.0001
3259322,4986,4450.0,,,,,,,,38364.7436645031,0.0001
3260251,4987,4400.0,,,,,,,,38376.18152999878,0.0001
3261779,4988,4450.0,,,,,,,,38395.048961400986,0.0001
3262505,4989,4400.0,,,,,,,,38404.05538773537,0.0001
3263316,4990,4375.0,,,,,,,,38413.85955071449,0.0001
3264135,4991,4375.0,,,,,,,,38423.9032201767,0.0001
3264889,4992,4350.0,,,,,,,,38433.080156087875,0.0001
3265761,4993,4825.0,,,,,,,,38443.6916577816,0.0001
3266989,4994,4550.0,,,,,,,,38458.47855138779,0.0001
3267353,4995,625.0,,,,,,,,38462.879351615906,0.0001
3268225,4996,4300.0,,,,,,,,38473.4143204689,0.0001
3269227,4997,4350.0,,,,,,,,38485.562413692474,0.0001
3269570,4998,650.0,,,,,,,,38489.73229622841,0.0001
3270670,4999,4300.0,,,,,,,,38503.27267050743,0.0001
3271801,5000,4350.0,,,,,,,,38517.32068371773,0.0001
3272741,5001,4300.0,,,,,,,,38529.04332304001,0.0001
3273670,5002,4475.0,,,,,,,,38540.56623959541,0.0001
3274551,5003,4375.0,,,,,,,,38551.43898820877,0.0001
3275189,5004,4275.0,,,,,,,,38559.39111351967,0.0001
3276125,5005,4475.0,,,,,,,,38570.8839070797,0.0001
3276695,5006,750.0,,,,,,,,38577.92339801788,0.0001
3277501,5007,4300.0,,,,,,,,38587.892840623856,0.0001
3278715,5008,4350.0,,,,,,,,38602.993089199066,0.0001
3279843,5009,4325.0,,,,,,,,38617.30698299408,0.0001
3280716,5010,4375.0,,,,,,,,38628.22273159027,0.0001
3281724,5011,4350.0,,,,,,,,38640.86343026161,0.0001
3282839,5012,4450.0,,,,,,,,38655.11951446533,0.0001
3283404,5013,775.0,,,,,,,,38662.33395385742,0.0001
3283999,5014,3925.0,,,,,,,,38669.84341406822,0.0001
3284390,5015,625.0,,,,,,,,38674.944291353226,0.0001
3285185,5016,4325.0,,,,,,,,38685.08744549751,0.0001
3286176,5017,4400.0,,,,,,,,38697.41590428352,0.0001
3287269,5018,4350.0,,,,,,,,38710.87387752533,0.0001
3288415,5019,4325.0,,,,,,,,38725.070175886154,0.0001
3289507,5020,4275.0,,,,,,,,38738.602247953415,0.0001
3290215,5021,4275.0,,,,,,,,38747.38603258133,0.0001
3291156,5022,4300.0,,,,,,,,38758.972687244415,0.0001
3292356,5023,4450.0,,,,,,,,38773.92062664032,0.0001
3293086,5024,4350.0,,,,,,,,38782.99191069603,0.0001
3294204,5025,4350.0,,,,,,,,38796.968400001526,0.0001
3295073,5026,4250.0,,,,,,,,38807.72107243538,0.0001
3296714,5027,5775.0,,,,,,,,38828.07025671005,0.0001
3297699,5028,4375.0,,,,,,,,38840.397738695145,0.0001
3298797,5029,7575.0,,,,,,,,38854.116950273514,0.0001
3299685,5030,4050.0,,,,,,,,38865.06436109543,0.0001
3300709,5031,3975.0,,,,,,,,38877.64204096794,0.0001
3301375,5032,4275.0,,,,,,,,38885.86156344414,0.0001
3302375,5033,4300.0,,,,,,,,38898.252744197845,0.0001
3303336,5034,4425.0,,,,,,,,38910.176003694534,0.0001
3304349,5035,4400.0,,,,,,,,38922.792972803116,0.0001
3305313,5036,4450.0,,,,,,,,38934.54912519455,0.0001
3305925,5037,4100.0,,,,,,,,38942.0575196743,0.0001
3306793,5038,4400.0,,,,,,,,38952.8293068409,0.0001
3307928,5039,4375.0,,,,,,,,38966.88822722435,0.0001
3309070,5040,4550.0,,,,,,,,38980.99871277809,0.0001
3310478,5041,4500.0,,,,,,,,38998.42805814743,0.0001
3311507,5042,4300.0,,,,,,,,39011.12271475792,0.0001
3312499,5043,4450.0,,,,,,,,39023.463414907455,0.0001
3313078,5044,750.0,,,,,,,,39030.65225172043,0.0001
3313921,5045,4400.0,,,,,,,,39041.17346715927,0.0001
3314701,5046,4300.0,,,,,,,,39050.954411029816,0.0001
3315588,5047,4300.0,,,,,,,,39062.05927538872,0.0001
3316564,5048,4450.0,,,,,,,,39074.21757340431,0.0001
3317091,5049,525.0,,,,,,,,39080.78963828087,0.0001
3317901,5050,4325.0,,,,,,,,39090.904234170914,0.0001
3318782,5051,4325.0,,,,,,,,39101.91629719734,0.0001
3319753,5052,4475.0,,,,,,,,39113.99605965614,0.0001
3320834,5053,4400.0,,,,,,,,39127.361857652664,0.0001
3322045,5054,4375.0,,,,,,,,39142.32372403145,0.0001
3322954,5055,4450.0,,,,,,,,39153.69365477562,0.0001
3323854,5056,4275.0,,,,,,,,39164.894245147705,0.0001
3324688,5057,4300.0,,,,,,,,39175.31240439415,0.0001
3325496,5058,4275.0,,,,,,,,39185.31459617615,0.0001
3326338,5059,4325.0,,,,,,,,39195.785880327225,0.0001
3327069,5060,4250.0,,,,,,,,39204.92108488083,0.0001
3327798,5061,4325.0,,,,,,,,39213.969675302505,0.0001
3328886,5062,4300.0,,,,,,,,39227.48458480835,0.0001
3330219,5063,4450.0,,,,,,,,39244.08417582512,0.0001
3331163,5064,4400.0,,,,,,,,39255.79708600044,0.0001
3331912,5065,4250.0,,,,,,,,39265.146889686584,0.0001
3332798,5066,4425.0,,,,,,,,39276.12154340744,0.0001
3333697,5067,4800.0,,,,,,,,39287.25313830376,0.0001
3334725,5068,4050.0,,,,,,,,39299.95071601868,0.0001
3336005,5069,4350.0,,,,,,,,39315.76509952545,0.0001
3336908,5070,4300.0,,,,,,,,39326.93465089798,0.0001
3337827,5071,4325.0,,,,,,,,39338.29124736786,0.0001
3338912,5072,4325.0,,,,,,,,39351.42568278313,0.0001
3339915,5073,4450.0,,,,,,,,39363.64754796028,0.0001
3340288,5074,100.0,,,,,,,,39368.30303931236,0.0001
3341578,5075,4975.0,,,,,,,,39384.36506819725,0.0001
3342392,5076,4350.0,,,,,,,,39394.52410912514,0.0001
3343849,5077,4350.0,,,,,,,,39412.5472111702,0.0001
3344876,5078,4325.0,,,,,,,,39425.31028795242,0.0001
3346055,5079,4450.0,,,,,,,,39440.04705476761,0.0001
3347488,5080,4425.0,,,,,,,,39457.69844698906,0.0001
3348294,5081,825.0,,,,,,,,39467.655153512955,0.0001
3348987,5082,650.0,,,,,,,,39476.24595952034,0.0001
3349917,5083,4250.0,,,,,,,,39487.89439821243,0.0001
3350868,5084,4375.0,,,,,,,,39499.692289114,0.0001
3351979,5085,4450.0,,,,,,,,39513.44997239113,0.0001
3352857,5086,4650.0,,,,,,,,39524.4015583992,0.0001
3353682,5087,4300.0,,,,,,,,39534.643169403076,0.0001
3354885,5088,4375.0,,,,,,,,39549.6331114769,0.0001
3355870,5089,4525.0,,,,,,,,39561.91289114952,0.0001
3356797,5090,4300.0,,,,,,,,39573.49136638641,0.0001
3357624,5091,4275.0,,,,,,,,39583.68527197838,0.0001
3358494,5092,4075.0,,,,,,,,39594.446575164795,0.0001
3359370,5093,4275.0,,,,,,,,39605.28682231903,0.0001
3360324,5094,4375.0,,,,,,,,39617.08202815056,0.0001
3361293,5095,4425.0,,,,,,,,39629.22910261154,0.0001
3362131,5096,4325.0,,,,,,,,39639.61554026604,0.0001
3363171,5097,4525.0,,,,,,,,39652.50259947777,0.0001
3363865,5098,4200.0,,,,,,,,39661.04784035683,0.0001
3365048,5099,4200.0,,,,,,,,39675.58327007294,0.0001
3365898,5100,4300.0,,,,,,,,39686.099474430084,0.0001
3366420,5101,850.0,,,,,,,,39692.535398721695,0.0001
3367528,5102,4450.0,,,,,,,,39706.0721886158,0.0001
3368794,5103,4375.0,,,,,,,,39721.478467941284,0.0001
3370040,5104,4350.0,,,,,,,,39736.884546518326,0.0001
3370966,5105,4150.0,,,,,,,,39748.44271302223,0.0001
3372356,5106,4925.0,,,,,,,,39765.6549808979,0.0001
3373426,5107,4275.0,,,,,,,,39778.86452102661,0.0001
3374651,5108,4500.0,,,,,,,,39794.043360710144,0.0001
3375685,5109,4275.0,,,,,,,,39806.91663122177,0.0001
3376659,5110,4500.0,,,,,,,,39818.92031955719,0.0001
3377602,5111,4250.0,,,,,,,,39830.57212996483,0.0001
3378444,5112,4375.0,,,,,,,,39840.96628665924,0.0001
3379333,5113,4325.0,,,,,,,,39851.84199810028,0.0001
3379759,5114,575.0,,,,,,,,39857.08118271828,0.0001
3380306,5115,1075.0,,,,,,,,39863.874771118164,0.0001
3380973,5116,4200.0,,,,,,,,39871.95855140686,0.0001
3382230,5117,5300.0,,,,,,,,39887.22224855423,0.0001
3383166,5118,4375.0,,,,,,,,39898.70914745331,0.0001
3384329,5119,4375.0,,,,,,,,39913.00167822838,0.0001
3385444,5120,4325.0,,,,,,,,39926.85719656944,0.0001
3386148,5121,4225.0,,,,,,,,39935.60167193413,0.0001
3386940,5122,1025.0,,,,,,,,39945.48643732071,0.0001
3387854,5123,4450.0,,,,,,,,39956.68471980095,0.0001
3388876,5124,4350.0,,,,,,,,39969.12160038948,0.0001
3389969,5125,4525.0,,,,,,,,39982.684612989426,0.0001
3390972,5126,4375.0,,,,,,,,39995.00347685814,0.0001
3392186,5127,4400.0,,,,,,,,40010.09958100319,0.0001
3392905,5128,625.0,,,,,,,,40018.99637031555,0.0001
3393726,5129,4325.0,,,,,,,,40029.22249913216,0.0001
3394676,5130,4400.0,,,,,,,,40041.002648830414,0.0001
3395967,5131,4400.0,,,,,,,,40057.02040028572,0.0001
3396759,5132,4475.0,,,,,,,,40066.88932514191,0.0001
3397790,5133,4500.0,,,,,,,,40079.762560367584,0.0001
3399382,5134,4725.0,,,,,,,,40099.58039140701,0.0001
3400416,5135,4525.0,,,,,,,,40112.400002002716,0.0001
3401539,5136,4475.0,,,,,,,,40126.254395484924,0.0001
3402540,5137,4550.0,,,,,,,,40138.64347100258,0.0001
3403843,5138,4450.0,,,,,,,,40154.61540269852,0.0001
3404295,5139,800.0,,,,,,,,40160.23946762085,0.0001
3405274,5140,4375.0,,,,,,,,40172.39873743057,0.0001
3406254,5141,4400.0,,,,,,,,40184.27291560173,0.0001
3407151,5142,4325.0,,,,,,,,40195.34894037247,0.0001
3408632,5143,5000.0,,,,,,,,40213.685735702515,0.0001
3409366,5144,4200.0,,,,,,,,40222.78523993492,0.0001
3410598,5145,4400.0,,,,,,,,40238.036100149155,0.0001
3411593,5146,4350.0,,,,,,,,40250.37531757355,0.0001
3412572,5147,4125.0,,,,,,,,40262.492745637894,0.0001
3413884,5148,4425.0,,,,,,,,40278.86613726616,0.0001
3415019,5149,4375.0,,,,,,,,40292.96613740921,0.0001
3416042,5150,4325.0,,,,,,,,40305.57056975365,0.0001
3416583,5151,4000.0,,,,,,,,40312.30434393883,0.0001
3417734,5152,4475.0,,,,,,,,40326.56519341469,0.0001
3418594,5153,4350.0,,,,,,,,40337.256685972214,0.0001
3419492,5154,4475.0,,,,,,,,40348.42618274689,0.0001
3420611,5155,4800.0,,,,,,,,40362.30087137222,0.0001
3421838,5156,4375.0,,,,,,,,40377.53103470802,0.0001
3423096,5157,4400.0,,,,,,,,40393.03376245499,0.0001
3424230,5158,4575.0,,,,,,,,40407.1209154129,0.0001
3425049,5159,4325.0,,,,,,,,40417.262768268585,0.0001
3426342,5160,4400.0,,,,,,,,40433.38769865036,0.0001
3427140,5161,4275.0,,,,,,,,40443.303285598755,0.0001
3428008,5162,4000.0,,,,,,,,40454.113162994385,0.0001
3429679,5163,5175.0,,,,,,,,40474.54871511459,0.0001
3430729,5164,4425.0,,,,,,,,40487.47519826889,0.0001
3431593,5165,4375.0,,,,,,,,40498.176246881485,0.0001
3432841,5166,4450.0,,,,,,,,40513.50362443924,0.0001
3434495,5167,4525.0,,,,,,,,40533.785048007965,0.0001
3435273,5168,4350.0,,,,,,,,40543.377291440964,0.0001
3436034,5169,4375.0,,,,,,,,40552.767684698105,0.0001
3437535,5170,4350.0,,,,,,,,40571.4037065506,0.0001
3438549,5171,4300.0,,,,,,,,40584.185290813446,0.0001
3439465,5172,4500.0,,,,,,,,40595.63831973076,0.0001
3440423,5173,4350.0,,,,,,,,40607.60727596283,0.0001
3441019,5174,3975.0,,,,,,,,40615.05055141449,0.0001
3441993,5175,4375.0,,,,,,,,40627.133957624435,0.0001
3442895,5176,4350.0,,,,,,,,40638.291025877,0.0001
3443581,5177,4225.0,,,,,,,,40646.835891485214,0.0001
3444661,5178,4350.0,,,,,,,,40660.19439315796,0.0001
3445720,5179,4375.0,,,,,,,,40673.21113848686,0.0001
3446934,5180,4375.0,,,,,,,,40688.02066922188,0.0001
3448014,5181,4400.0,,,,,,,,40701.246680259705,0.0001
3449132,5182,4350.0,,,,,,,,40715.06626844406,0.0001
3450017,5183,4450.0,,,,,,,,40726.07294869423,0.0001
3451188,5184,4500.0,,,,,,,,40740.559514045715,0.0001
3451893,5185,3850.0,,,,,,,,40749.32401561737,0.0001
3453173,5186,4400.0,,,,,,,,40765.11173558235,0.0001
3454102,5187,4475.0,,,,,,,,40776.65885925293,0.0001
3455402,5188,4400.0,,,,,,,,40792.71693754196,0.0001
3456290,5189,7700.0,,,,,,,,40803.780200242996,0.0001
3457444,5190,4400.0,,,,,,,,40818.066261291504,0.0001
3458635,5191,4550.0,,,,,,,,40832.84885263443,0.0001
3459986,5192,4425.0,,,,,,,,40849.642131567,0.0001
3460927,5193,4375.0,,,,,,,,40861.32167696953,0.0001
3462511,5194,4350.0,,,,,,,,40880.939866542816,0.0001
3463519,5195,4475.0,,,,,,,,40893.16798663139,0.0001
3464627,5196,7600.0,,,,,,,,40906.8842086792,0.0001
3465792,5197,4500.0,,,,,,,,40921.33657693863,0.0001
3466545,5198,4375.0,,,,,,,,40930.76875042915,0.0001
3467443,5199,4850.0,,,,,,,,40941.95626235008,0.0001
3468777,5200,4950.0,,,,,,,,40958.49521064758,0.0001
3469923,5201,4325.0,,,,,,,,40972.79291391373,0.0001
3470979,5202,4425.0,,,,,,,,40985.97366452217,0.0001
3471781,5203,4250.0,,,,,,,,40996.05304670334,0.0001
3472782,5204,4425.0,,,,,,,,41008.45282077789,0.0001
3474348,5205,4350.0,,,,,,,,41028.0477874279,0.0001
3475445,5206,4550.0,,,,,,,,41041.721437215805,0.0001
3476819,5207,4475.0,,,,,,,,41058.77864861488,0.0001
3477597,5208,4475.0,,,,,,,,41068.44250869751,0.0001
3478614,5209,4425.0,,,,,,,,41081.1559009552,0.0001
3479399,5210,4125.0,,,,,,,,41090.94234395027,0.0001
3480231,5211,4350.0,,,,,,,,41101.24067425728,0.0001
3481487,5212,4450.0,,,,,,,,41116.855100631714,0.0001
3482052,5213,800.0,,,,,,,,41123.911653995514,0.0001
3482534,5214,350.0,,,,,,,,41129.93237113953,0.0001
3483870,5215,4125.0,,,,,,,,41146.35587835312,0.0001
3485303,5216,4475.0,,,,,,,,41163.75469017029,0.0001
3485786,5217,825.0,,,,,,,,41169.69981050491,0.0001
3486274,5218,475.0,,,,,,,,41175.78945374489,0.0001
3487383,5219,4375.0,,,,,,,,41189.23377537727,0.0001
3488398,5220,5300.0,,,,,,,,41201.60239005089,0.0001
3488760,5221,325.0,,,,,,,,41206.15817737579,0.0001
3489920,5222,4450.0,,,,,,,,41220.60816812515,0.0001
3491159,5223,4375.0,,,,,,,,41235.744217157364,0.0001
3491614,5224,475.0,,,,,,,,41241.352652311325,0.0001
3492726,5225,4350.0,,,,,,,,41255.14815115929,0.0001
3493067,5226,225.0,,,,,,,,41259.417112350464,0.0001
3494276,5227,4300.0,,,,,,,,41274.387078523636,0.0001
3495181,5228,4475.0,,,,,,,,41285.6592361927,0.0001
3496081,5229,4375.0,,,,,,,,41296.83025050163,0.0001
3497130,5230,4375.0,,,,,,,,41309.880222558975,0.0001
3498476,5231,4450.0,,,,,,,,41326.60288596153,0.0001
3499089,5232,4125.0,,,,,,,,41334.10696935654,0.0001
3500190,5233,4075.0,,,,,,,,41347.69068312645,0.0001
3501438,5234,7575.0,,,,,,,,41363.17334198952,0.0001
3502208,5235,4350.0,,,,,,,,41372.840944767,0.0001
3503287,5236,4400.0,,,,,,,,41386.15070724487,0.0001
3504428,5237,4450.0,,,,,,,,41400.16342949867,0.0001
3505637,5238,4350.0,,,,,,,,41415.12069225311,0.0001
3506851,5239,4425.0,,,,,,,,41430.19519209862,0.0001
3507910,5240,4550.0,,,,,,,,41443.38222503662,0.0001
3508809,5241,4375.0,,,,,,,,41454.48562669754,0.0001
3509703,5242,4325.0,,,,,,,,41465.58739280701,0.0001
3510127,5243,475.0,,,,,,,,41470.84995126724,0.0001
3510930,5244,4425.0,,,,,,,,41480.8474149704,0.0001
3512476,5245,7950.0,,,,,,,,41500.15537190437,0.0001
3513323,5246,4400.0,,,,,,,,41510.629500865936,0.0001
3514371,5247,4425.0,,,,,,,,41523.47509121895,0.0001
3515258,5248,4400.0,,,,,,,,41534.478185892105,0.0001
3516297,5249,4450.0,,,,,,,,41547.17972755432,0.0001
3517429,5250,4525.0,,,,,,,,41561.14892578125,0.0001
3518319,5251,4375.0,,,,,,,,41571.98255801201,0.0001
3519620,5252,4400.0,,,,,,,,41588.15889048576,0.0001
3520500,5253,4450.0,,,,,,,,41598.9787504673,0.0001
3521581,5254,4375.0,,,,,,,,41612.47479748726,0.0001
3522550,5255,4375.0,,,,,,,,41624.44731378555,0.0001
3523630,5256,4350.0,,,,,,,,41637.780747652054,0.0001
3524669,5257,4575.0,,,,,,,,41650.62673473358,0.0001
3525813,5258,4525.0,,,,,,,,41664.75616145134,0.0001
3526987,5259,4500.0,,,,,,,,41679.25767040253,0.0001
3527889,5260,4375.0,,,,,,,,41690.4185628891,0.0001
3528975,5261,4450.0,,,,,,,,41703.89689898491,0.0001
3530234,5262,4450.0,,,,,,,,41719.47085428238,0.0001
3531595,5263,4375.0,,,,,,,,41736.374192237854,0.0001
3532690,5264,4375.0,,,,,,,,41749.907774209976,0.0001
3534204,5265,4400.0,,,,,,,,41768.62036252022,0.0001
3535553,5266,4400.0,,,,,,,,41785.19789433479,0.0001
3536563,5267,4525.0,,,,,,,,41797.75986504555,0.0001
3537612,5268,4475.0,,,,,,,,41810.78573894501,0.0001
3538802,5269,5000.0,,,,,,,,41825.44339323044,0.0001
3539993,5270,4450.0,,,,,,,,41839.87793278694,0.0001
3541052,5271,4350.0,,,,,,,,41852.69682216644,0.0001
3541897,5272,4475.0,,,,,,,,41863.019693136215,0.0001
3542792,5273,4475.0,,,,,,,,41873.90804862976,0.0001
3543969,5274,4275.0,,,,,,,,41888.30661869049,0.0001
3545046,5275,7600.0,,,,,,,,41901.719958782196,0.0001
3545730,5276,500.0,,,,,,,,41910.27596497536,0.0001
3546767,5277,4575.0,,,,,,,,41923.22881579399,0.0001
3547841,5278,4400.0,,,,,,,,41936.510310173035,0.0001
3548745,5279,5000.0,,,,,,,,41947.695922613144,0.0001
3549527,5280,325.0,,,,,,,,41957.40217137337,0.0001
3550362,5281,4350.0,,,,,,,,41967.783160209656,0.0001
3551298,5282,4300.0,,,,,,,,41979.332768917084,0.0001
3552424,5283,4475.0,,,,,,,,41993.32389640808,0.0001
3552931,5284,625.0,,,,,,,,41999.59890294075,0.0001
3553751,5285,4375.0,,,,,,,,42009.748479127884,0.0001
3554828,5286,4475.0,,,,,,,,42023.02937602997,0.0001
3555500,5287,3825.0,,,,,,,,42031.35057735443,0.0001
3556602,5288,4425.0,,,,,,,,42044.991488456726,0.0001
3557463,5289,4425.0,,,,,,,,42055.68298244476,0.0001
3558307,5290,4375.0,,,,,,,,42066.15787243843,0.0001
3559460,5291,4425.0,,,,,,,,42080.40463590622,0.0001
3559805,5292,500.0,,,,,,,,42084.75818300247,0.0001
3560729,5293,4400.0,,,,,,,,42096.23961138725,0.0001
3561340,5294,725.0,,,,,,,,42103.86245799065,0.0001
3562287,5295,4425.0,,,,,,,,42115.73326039314,0.0001
3563065,5296,4025.0,,,,,,,,42125.42522883415,0.0001
3563760,5297,4625.0,,,,,,,,42134.052605867386,0.0001
3564929,5298,4200.0,,,,,,,,42148.59379339218,0.0001
3565492,5299,375.0,,,,,,,,42155.52921175957,0.0001
3565899,5300,275.0,,,,,,,,42160.54465341568,0.0001
3566642,5301,925.0,,,,,,,,42169.73646569252,0.0001
3567691,5302,4475.0,,,,,,,,42182.76547932625,0.0001
3568664,5303,4250.0,,,,,,,,42194.86499619484,0.0001
3569438,5304,4375.0,,,,,,,,42204.557077646255,0.0001
3570391,5305,4425.0,,,,,,,,42216.44560170174,0.0001
3571186,5306,1025.0,,,,,,,,42226.313561439514,0.0001
3572318,5307,4525.0,,,,,,,,42240.43471169472,0.0001
3573499,5308,4375.0,,,,,,,,42255.05794405937,0.0001
3574578,5309,4325.0,,,,,,,,42268.4275124073,0.0001
3575571,5310,4475.0,,,,,,,,42280.67887330055,0.0001
3576636,5311,4425.0,,,,,,,,42293.919744729996,0.0001
3577702,5312,4500.0,,,,,,,,42307.10856747627,0.0001
3578538,5313,4400.0,,,,,,,,42317.50990319252,0.0001
3579652,5314,4375.0,,,,,,,,42331.27898192406,0.0001
3580430,5315,4350.0,,,,,,,,42340.925261735916,0.0001
3581107,5316,500.0,,,,,,,,42349.327283144,0.0001
3582275,5317,4300.0,,,,,,,,42363.863679647446,0.0001
3583240,5318,4475.0,,,,,,,,42375.80610728264,0.0001
3584313,5319,4800.0,,,,,,,,42389.17907881737,0.0001
3585505,5320,4200.0,,,,,,,,42403.990230321884,0.0001
3586399,5321,4525.0,,,,,,,,42415.02861237526,0.0001
3587830,5322,5275.0,,,,,,,,42432.711906433105,0.0001
3588954,5323,4425.0,,,,,,,,42446.64580345154,0.0001
3589819,5324,4400.0,,,,,,,,42457.34205913544,0.0001
3590948,5325,4500.0,,,,,,,,42471.2926697731,0.0001
3591995,5326,4450.0,,,,,,,,42484.204478263855,0.0001
3593201,5327,4425.0,,,,,,,,42499.092720746994,0.0001
3594298,5328,4425.0,,,,,,,,42512.60122919083,0.0001
3595427,5329,4400.0,,,,,,,,42526.63071870804,0.0001
3596553,5330,4425.0,,,,,,,,42540.632665872574,0.0001
3597569,5331,4925.0,,,,,,,,42553.25879073143,0.0001
3598090,5332,850.0,,,,,,,,42559.74900364876,0.0001
3599276,5333,4450.0,,,,,,,,42574.52831888199,0.0001
3600247,5334,4400.0,,,,,,,,42586.582636117935,0.0001
3601490,5335,7725.0,,,,,,,,42602.01458334923,0.0001
3602424,5336,4375.0,,,,,,,,42613.65372419357,0.0001
3603300,5337,4400.0,,,,,,,,42624.54962182045,0.0001
3604289,5338,4575.0,,,,,,,,42636.86194014549,0.0001
3605164,5339,4500.0,,,,,,,,42647.63740491867,0.0001
3606272,5340,4400.0,,,,,,,,42661.306938648224,0.0001
3607254,5341,675.0,,,,,,,,42673.55600166321,0.0001
3608147,5342,4400.0,,,,,,,,42684.617807626724,0.0001
3609343,5343,4500.0,,,,,,,,42699.411434173584,0.0001
3610378,5344,4450.0,,,,,,,,42712.158109903336,0.0001
3611657,5345,7800.0,,,,,,,,42728.00683450699,0.0001
3612931,5346,4975.0,,,,,,,,42743.64628171921,0.0001
3613911,5347,4400.0,,,,,,,,42755.595440387726,0.0001
3615241,5348,4725.0,,,,,,,,42771.773913145065,0.0001
3616342,5349,4450.0,,,,,,,,42785.20163536072,0.0001
3617346,5350,4400.0,,,,,,,,42797.44695901871,0.0001
3618345,5351,4425.0,,,,,,,,42809.72013378143,0.0001
3618944,5352,4250.0,,,,,,,,42817.02099967003,0.0001
3619701,5353,4300.0,,,,,,,,42826.28848361969,0.0001
3620551,5354,4625.0,,,,,,,,42836.80794787407,0.0001
3622068,5355,4425.0,,,,,,,,42855.679841041565,0.0001
3622908,5356,4400.0,,,,,,,,42866.13258934021,0.0001
3623637,5357,4300.0,,,,,,,,42875.348873615265,0.0001
3624427,5358,4250.0,,,,,,,,42885.23777770996,0.0001
3625227,5359,4375.0,,,,,,,,42895.221378564835,0.0001
3626049,5360,4400.0,,,,,,,,42905.401795864105,0.0001
3626960,5361,4425.0,,,,,,,,42916.73490977287,0.0001
3627880,5362,4400.0,,,,,,,,42928.15016388893,0.0001
3628654,5363,4400.0,,,,,,,,42937.82718396187,0.0001
3629618,5364,4400.0,,,,,,,,42949.7361433506,0.0001
3630599,5365,4425.0,,,,,,,,42961.93057322502,0.0001
3631893,5366,4925.0,,,,,,,,42977.97363257408,0.0001
3632631,5367,4350.0,,,,,,,,42987.08666086197,0.0001
3633167,5368,4025.0,,,,,,,,42993.777853012085,0.0001
3634115,5369,4375.0,,,,,,,,43005.63098812103,0.0001
3635191,5370,4400.0,,,,,,,,43019.04345321655,0.0001
3636172,5371,4400.0,,,,,,,,43031.199831962585,0.0001
3637082,5372,4500.0,,,,,,,,43042.45034098625,0.0001
3637829,5373,4325.0,,,,,,,,43051.69415950775,0.0001
3638970,5374,4300.0,,,,,,,,43065.79474592209,0.0001
3639955,5375,4350.0,,,,,,,,43077.95413994789,0.0001
3641046,5376,4500.0,,,,,,,,43091.41661143303,0.0001
3642345,5377,4550.0,,,,,,,,43107.445412158966,0.0001
3643220,5378,4325.0,,,,,,,,43118.25106549263,0.0001
3644085,5379,4425.0,,,,,,,,43128.96305155754,0.0001
3645127,5380,4400.0,,,,,,,,43141.84260582924,0.0001
3646246,5381,4425.0,,,,,,,,43155.693907260895,0.0001
3647239,5382,4400.0,,,,,,,,43168.02071785927,0.0001
3648246,5383,7600.0,,,,,,,,43180.51011013985,0.0001
3648866,5384,4275.0,,,,,,,,43188.2456612587,0.0001
3649729,5385,4350.0,,,,,,,,43198.98833537102,0.0001
3650619,5386,4325.0,,,,,,,,43210.09483623505,0.0001
3651326,5387,4350.0,,,,,,,,43218.89608550072,0.0001
3652179,5388,4700.0,,,,,,,,43229.508021593094,0.0001
3653247,5389,4400.0,,,,,,,,43242.77076601982,0.0001
3653985,5390,4275.0,,,,,,,,43251.97220516205,0.0001
3654977,5391,4375.0,,,,,,,,43264.22602725029,0.0001
3655904,5392,4475.0,,,,,,,,43275.60719823837,0.0001
3656845,5393,4350.0,,,,,,,,43287.329530477524,0.0001
3658036,5394,4900.0,,,,,,,,43302.011268377304,0.0001
3658714,5395,4325.0,,,,,,,,43310.49920630455,0.0001
3659779,5396,5300.0,,,,,,,,43323.719405174255,0.0001
3660448,5397,4250.0,,,,,,,,43332.06641173363,0.0001
3661414,5398,4425.0,,,,,,,,43344.063385009766,0.0001
3662475,5399,4475.0,,,,,,,,43357.14528799057,0.0001
3663515,5400,4500.0,,,,,,,,43370.053569078445,0.0001
3664652,5401,4475.0,,,,,,,,43384.211141586304,0.0001
3665367,5402,4250.0,,,,,,,,43393.10968708992,0.0001
3666468,5403,4425.0,,,,,,,,43406.58282017708,0.0001
3667416,5404,4400.0,,,,,,,,43418.358232975006,0.0001
3668185,5405,4300.0,,,,,,,,43427.937339544296,0.0001
3669130,5406,4450.0,,,,,,,,43439.594405412674,0.0001
3670093,5407,4350.0,,,,,,,,43451.69136881828,0.0001
3670807,5408,4325.0,,,,,,,,43460.550448179245,0.0001
3671743,5409,4450.0,,,,,,,,43472.18959283829,0.0001
3672599,5410,4300.0,,,,,,,,43482.89151883125,0.0001
3673551,5411,4325.0,,,,,,,,43494.78033018112,0.0001
3674436,5412,4400.0,,,,,,,,43505.75072312355,0.0001
3675615,5413,4550.0,,,,,,,,43520.43108534813,0.0001
3677170,5414,8075.0,,,,,,,,43539.72955775261,0.0001
3677928,5415,4375.0,,,,,,,,43549.09667277336,0.0001
3679162,5416,7750.0,,,,,,,,43564.368039608,0.0001
3679990,5417,4400.0,,,,,,,,43574.627932071686,0.0001
3680884,5418,4300.0,,,,,,,,43585.71650123596,0.0001
3681792,5419,4375.0,,,,,,,,43597.06779360771,0.0001
3683136,5420,5050.0,,,,,,,,43613.80372881889,0.0001
3684044,5421,4450.0,,,,,,,,43625.14169573784,0.0001
3684700,5422,4350.0,,,,,,,,43633.244968891144,0.0001
3685924,5423,4525.0,,,,,,,,43648.506794691086,0.0001
3686902,5424,4450.0,,,,,,,,43660.6313867569,0.0001
3687546,5425,4275.0,,,,,,,,43668.63359236717,0.0001
3688415,5426,7900.0,,,,,,,,43679.50336122513,0.0001
3689123,5427,4250.0,,,,,,,,43688.31201839447,0.0001
3689979,5428,4325.0,,,,,,,,43698.94358444214,0.0001
3691212,5429,4400.0,,,,,,,,43714.17122244835,0.0001
3692219,5430,4350.0,,,,,,,,43726.63160777092,0.0001
3693350,5431,4375.0,,,,,,,,43740.70476794243,0.0001
3694508,5432,4475.0,,,,,,,,43755.083582401276,0.0001
3695701,5433,5050.0,,,,,,,,43769.88893389702,0.0001
3696403,5434,4325.0,,,,,,,,43778.63402509689,0.0001
3697252,5435,4275.0,,,,,,,,43789.15210103989,0.0001
3698013,5436,4300.0,,,,,,,,43798.68086028099,0.0001
3699029,5437,4400.0,,,,,,,,43811.3940718174,0.0001
3700025,5438,4450.0,,,,,,,,43823.73088359833,0.0001
3701284,5439,4925.0,,,,,,,,43839.306361198425,0.0001
3701988,5440,4300.0,,,,,,,,43848.05670928955,0.0001
3702990,5441,4350.0,,,,,,,,43860.5111207962,0.0001
3704187,5442,4425.0,,,,,,,,43875.315442085266,0.0001
3705133,5443,4400.0,,,,,,,,43887.04914712906,0.0001
3706076,5444,4400.0,,,,,,,,43898.68523025513,0.0001
3707415,5445,4475.0,,,,,,,,43915.256952524185,0.0001
3708398,5446,4500.0,,,,,,,,43927.451562166214,0.0001
3709467,5447,4450.0,,,,,,,,43940.62549161911,0.0001
3710491,5448,4900.0,,,,,,,,43953.29133319855,0.0001
3711370,5449,4400.0,,,,,,,,43964.12265944481,0.0001
3712280,5450,4350.0,,,,,,,,43975.32763838768,0.0001
3713452,5451,4375.0,,,,,,,,43989.848216056824,0.0001
3714687,5452,4450.0,,,,,,,,44005.15296077728,0.0001
3715725,5453,4000.0,,,,,,,,44018.08613753319,0.0001
3717233,5454,8800.0,,,,,,,,44036.789217710495,0.0001
3717925,5455,550.0,,,,,,,,44045.424710035324,0.0001
3718966,5456,4525.0,,,,,,,,44058.43140721321,0.0001
3720152,5457,4300.0,,,,,,,,44073.24350762367,0.0001
3721327,5458,4300.0,,,,,,,,44087.92035102844,0.0001
3722013,5459,775.0,,,,,,,,44096.48704910278,0.0001
3722929,5460,4375.0,,,,,,,,44107.82471013069,0.0001
3723908,5461,4275.0,,,,,,,,44119.914390325546,0.0001
3724505,5462,550.0,,,,,,,,44127.290867090225,0.0001
3725402,5463,4775.0,,,,,,,,44138.44054913521,0.0001
3726395,5464,4425.0,,,,,,,,44150.73868584633,0.0001
3727466,5465,4325.0,,,,,,,,44164.071353673935,0.0001
3728428,5466,4450.0,,,,,,,,44175.8466463089,0.0001
3729259,5467,4200.0,,,,,,,,44186.21533918381,0.0001
3730351,5468,4450.0,,,,,,,,44199.747255563736,0.0001
3731249,5469,4375.0,,,,,,,,44210.83139157295,0.0001
3732142,5470,4375.0,,,,,,,,44221.94416761398,0.0001
3733260,5471,4350.0,,,,,,,,44235.845596790314,0.0001
3734489,5472,8000.0,,,,,,,,44251.014365911484,0.0001
3735292,5473,4375.0,,,,,,,,44260.96855187416,0.0001
3736377,5474,4450.0,,,,,,,,44274.412605285645,0.0001
3737023,5475,850.0,,,,,,,,44282.459112644196,0.0001
3738219,5476,4400.0,,,,,,,,44297.39534831047,0.0001
3738950,5477,4300.0,,,,,,,,44306.51522946358,0.0001
3740336,5478,4525.0,,,,,,,,44323.62594676018,0.0001
3741140,5479,4475.0,,,,,,,,44333.60600113869,0.0001
3742227,5480,4425.0,,,,,,,,44347.048214912415,0.0001
3743138,5481,4250.0,,,,,,,,44358.369599580765,0.0001
3744095,5482,4375.0,,,,,,,,44370.21142458916,0.0001
3745124,5483,4925.0,,,,,,,,44382.87795543671,0.0001
3746473,5484,4475.0,,,,,,,,44399.59310007095,0.0001
3747360,5485,4400.0,,,,,,,,44410.51458120346,0.0001
3748147,5486,4450.0,,,,,,,,44420.27382493019,0.0001
3748754,5487,4325.0,,,,,,,,44427.82815146446,0.0001
3750013,5488,4850.0,,,,,,,,44443.40659213066,0.0001
3751068,5489,4475.0,,,,,,,,44456.22924518585,0.0001
3751960,5490,4275.0,,,,,,,,44467.06717467308,0.0001
3752753,5491,4325.0,,,,,,,,44476.73798203468,0.0001
3753929,5492,4875.0,,,,,,,,44491.1758210659,0.0001
3754981,5493,4400.0,,,,,,,,44504.170194625854,0.0001
3756185,5494,4525.0,,,,,,,,44519.214626312256,0.0001
3757326,5495,4375.0,,,,,,,,44533.27631568909,0.0001
3758340,5496,4450.0,,,,,,,,44545.89555954933,0.0001
3759399,5497,4475.0,,,,,,,,44559.10706067085,0.0001
3760310,5498,4400.0,,,,,,,,44570.44152188301,0.0001
3761464,5499,4950.0,,,,,,,,44584.87571310997,0.0001
3762343,5500,4475.0,,,,,,,,44595.80952453613,0.0001
3763107,5501,4350.0,,,,,,,,44605.32946252823,0.0001
3764214,5502,4450.0,,,,,,,,44618.96843910217,0.0001
3765132,5503,4350.0,,,,,,,,44630.442887067795,0.0001
3766067,5504,4275.0,,,,,,,,44642.096472501755,0.0001
3767105,5505,4300.0,,,,,,,,44654.910982847214,0.0001
3768027,5506,4475.0,,,,,,,,44666.40743637085,0.0001
3768820,5507,4375.0,,,,,,,,44676.2882540226,0.0001
3769685,5508,4350.0,,,,,,,,44687.035994529724,0.0001
3771121,5509,5000.0,,,,,,,,44704.8131108284,0.0001
3772263,5510,4850.0,,,,,,,,44719.054960012436,0.0001
3773399,5511,4875.0,,,,,,,,44733.20554065704,0.0001
3774725,5512,4575.0,,,,,,,,44749.64301252365,0.0001
3775538,5513,4450.0,,,,,,,,44759.71515464783,0.0001
3776669,5514,4400.0,,,,,,,,44773.72595477104,0.0001
3777828,5515,4850.0,,,,,,,,44788.104830265045,0.0001
3778899,5516,4550.0,,,,,,,,44801.39613986015,0.0001
3780000,5517,4425.0,,,,,,,,44815.00239896774,0.0001
3781247,5518,4475.0,,,,,,,,44830.3538146019,0.0001
3782203,5519,4500.0,,,,,,,,44842.165786743164,0.0001
3783075,5520,4350.0,,,,,,,,44853.04860663414,0.0001
3784419,5521,4475.0,,,,,,,,44869.69511508942,0.0001
3785295,5522,4300.0,,,,,,,,44880.50508260727,0.0001
3786205,5523,4275.0,,,,,,,,44891.87540745735,0.0001
3787132,5524,4525.0,,,,,,,,44903.42644286156,0.0001
3788261,5525,4525.0,,,,,,,,44917.40196156502,0.0001
3789002,5526,4375.0,,,,,,,,44926.61105847359,0.0001
3790560,5527,4475.0,,,,,,,,44945.96957373619,0.0001
3791470,5528,4350.0,,,,,,,,44957.32671236992,0.0001
3792300,5529,4350.0,,,,,,,,44967.697843551636,0.0001
3793088,5530,3925.0,,,,,,,,44977.49419260025,0.0001
3793848,5531,4125.0,,,,,,,,44986.91093707085,0.0001
3794660,5532,4400.0,,,,,,,,44996.99305868149,0.0001
3795311,5533,4125.0,,,,,,,,45005.15206360817,0.0001
3795887,5534,4100.0,,,,,,,,45012.302455186844,0.0001
3796957,5535,4375.0,,,,,,,,45025.57943439484,0.0001
3797846,5536,4575.0,,,,,,,,45036.61162686348,0.0001
3798909,5537,4400.0,,,,,,,,45049.83728313446,0.0001
3799963,5538,4500.0,,,,,,,,45062.816447496414,0.0001
3801008,5539,4400.0,,,,,,,,45075.89633727074,0.0001
3801882,5540,4375.0,,,,,,,,45086.713233947754,0.0001
3803022,5541,4250.0,,,,,,,,45100.915848731995,0.0001
3803939,5542,4325.0,,,,,,,,45112.36783313751,0.0001
3805010,5543,4325.0,,,,,,,,45125.629078388214,0.0001
3806412,5544,4575.0,,,,,,,,45142.99719572067,0.0001
3807288,5545,4325.0,,,,,,,,45153.9530313015,0.0001
3807973,5546,850.0,,,,,,,,45162.475836753845,0.0001
3808932,5547,4575.0,,,,,,,,45174.39574241638,0.0001
3810131,5548,4425.0,,,,,,,,45189.293774843216,0.0001
3810526,5549,750.0,,,,,,,,45194.26838040352,0.0001
3811801,5550,4375.0,,,,,,,,45210.12408518791,0.0001
3813015,5551,4575.0,,,,,,,,45225.07500100136,0.0001
3814171,5552,4925.0,,,,,,,,45239.335257291794,0.0001
3815323,5553,4425.0,,,,,,,,45253.618411779404,0.0001
3816494,5554,4575.0,,,,,,,,45268.167271614075,0.0001
3817374,5555,4425.0,,,,,,,,45279.048214673996,0.0001
3818444,5556,4300.0,,,,,,,,45292.25194501877,0.0001
3818833,5557,350.0,,,,,,,,45297.11709070206,0.0001
3819691,5558,4300.0,,,,,,,,45307.68787693977,0.0001
3820457,5559,3850.0,,,,,,,,45317.24814200401,0.0001
3821851,5560,4475.0,,,,,,,,45334.479420661926,0.0001
3822590,5561,4300.0,,,,,,,,45343.51203417778,0.0001
3822985,5562,550.0,,,,,,,,45348.38186573982,0.0001
3823486,5563,3700.0,,,,,,,,45354.50224685669,0.0001
3824503,5564,4325.0,,,,,,,,45366.77766633034,0.0001
3825520,5565,4350.0,,,,,,,,45379.270377874374,0.0001
3826600,5566,4575.0,,,,,,,,45392.616849184036,0.0001
3827640,5567,4500.0,,,,,,,,45405.644559144974,0.0001
3828587,5568,4800.0,,,,,,,,45417.380351781845,0.0001
3829314,5569,4500.0,,,,,,,,45426.46628332138,0.0001
3830381,5570,4400.0,,,,,,,,45439.54654431343,0.0001
3831665,5571,4375.0,,,,,,,,45455.120923280716,0.0001
3832686,5572,4200.0,,,,,,,,45467.53696346283,0.0001
3833715,5573,4375.0,,,,,,,,45480.034937143326,0.0001
3834829,5574,5025.0,,,,,,,,45493.668441295624,0.0001
3835770,5575,4525.0,,,,,,,,45505.08757519722,0.0001
3836104,5576,475.0,,,,,,,,45509.15803408623,0.0001
3837374,5577,4375.0,,,,,,,,45524.768024683,0.0001
3838605,5578,4450.0,,,,,,,,45540.03209209442,0.0001
3839907,5579,4450.0,,,,,,,,45556.09429478645,0.0001
3840566,5580,4075.0,,,,,,,,45564.13774037361,0.0001
3841523,5581,4400.0,,,,,,,,45575.70530676842,0.0001
3842562,5582,4975.0,,,,,,,,45588.563819885254,0.0001
3843271,5583,4300.0,,,,,,,,45597.431581020355,0.0001
3843679,5584,675.0,,,,,,,,45602.55704665184,0.0001
3844597,5585,4375.0,,,,,,,,45614.00012946129,0.0001
3845529,5586,4375.0,,,,,,,,45625.59944844246,0.0001
3846561,5587,675.0,,,,,,,,45638.46002078056,0.0001
3847502,5588,4325.0,,,,,,,,45650.26097393036,0.0001
3848080,5589,4075.0,,,,,,,,45657.4317176342,0.0001
3848992,5590,4250.0,,,,,,,,45668.7546877861,0.0001
3850203,5591,7800.0,,,,,,,,45683.75336933136,0.0001
3851177,5592,4350.0,,,,,,,,45695.886097192764,0.0001
3852326,5593,4450.0,,,,,,,,45710.217843055725,0.0001
3853347,5594,4475.0,,,,,,,,45722.92593383789,0.0001
3854637,5595,4475.0,,,,,,,,45739.01108765602,0.0001
3855454,5596,4425.0,,,,,,,,45749.16826868057,0.0001
3856576,5597,4475.0,,,,,,,,45763.01059246063,0.0001
3857561,5598,4475.0,,,,,,,,45775.27664732933,0.0001
3858641,5599,4425.0,,,,,,,,45788.63423490524,0.0001
3859777,5600,4925.0,,,,,,,,45802.701946020126,0.0001
3860805,5601,7700.0,,,,,,,,45815.39925408363,0.0001
3861779,5602,4850.0,,,,,,,,45827.430755615234,0.0001
3863045,5603,7875.0,,,,,,,,45843.10001015663,0.0001
3863941,5604,4350.0,,,,,,,,45854.257091999054,0.0001
3865262,5605,4975.0,,,,,,,,45870.620208740234,0.0001
3866089,5606,4425.0,,,,,,,,45880.97852921486,0.0001
3867139,5607,4425.0,,,,,,,,45894.014976263046,0.0001
3867894,5608,4350.0,,,,,,,,45903.39657855034,0.0001
3868523,5609,4150.0,,,,,,,,45911.263473033905,0.0001
3868889,5610,625.0,,,,,,,,45915.87726140022,0.0001
3870119,5611,4925.0,,,,,,,,45931.15365290642,0.0001
3871254,5612,4475.0,,,,,,,,45945.27644753456,0.0001
3872492,5613,4975.0,,,,,,,,45960.71322393417,0.0001
3873158,5614,4200.0,,,,,,,,45969.06866145134,0.0001
3873956,5615,4325.0,,,,,,,,45978.931451797485,0.0001
3875176,5616,4500.0,,,,,,,,45994.1031627655,0.0001
3876076,5617,4350.0,,,,,,,,46005.25532197952,0.0001
3877092,5618,4450.0,,,,,,,,46017.86306357384,0.0001
3877787,5619,4025.0,,,,,,,,46026.48789906502,0.0001
3878475,5620,4325.0,,,,,,,,46035.03715586662,0.0001
3880120,5621,4925.0,,,,,,,,46055.54256606102,0.0001
3881338,5622,4900.0,,,,,,,,46070.64633631706,0.0001
3882219,5623,4350.0,,,,,,,,46081.57700228691,0.0001
3883124,5624,4325.0,,,,,,,,46092.76520180702,0.0001
3884005,5625,4450.0,,,,,,,,46103.735166072845,0.0001
3885127,5626,7750.0,,,,,,,,46117.65870094299,0.0001
3885479,5627,625.0,,,,,,,,46122.10306549072,0.0001
3886349,5628,4475.0,,,,,,,,46132.951667785645,0.0001
3887250,5629,4450.0,,,,,,,,46144.18824005127,0.0001
3888228,5630,4400.0,,,,,,,,46156.22244334221,0.0001
3889082,5631,4475.0,,,,,,,,46166.86430454254,0.0001
3890304,5632,4375.0,,,,,,,,46182.07439184189,0.0001
3891622,5633,7800.0,,,,,,,,46198.43448996544,0.0001
3892709,5634,4350.0,,,,,,,,46211.899027347565,0.0001
3893350,5635,4250.0,,,,,,,,46219.80392289162,0.0001
3894085,5636,4400.0,,,,,,,,46228.91801095009,0.0001
3894655,5637,4125.0,,,,,,,,46235.96064400673,0.0001
3895269,5638,4250.0,,,,,,,,46243.60901761055,0.0001
3896824,5639,4900.0,,,,,,,,46262.903324604034,0.0001
3898085,5640,4475.0,,,,,,,,46278.52197742462,0.0001
3899043,5641,7750.0,,,,,,,,46290.34471988678,0.0001
3900261,5642,4575.0,,,,,,,,46305.43644165993,0.0001
3901249,5643,4475.0,,,,,,,,46317.73521351814,0.0001
3902287,5644,4525.0,,,,,,,,46330.54265666008,0.0001
3903331,5645,4525.0,,,,,,,,46343.54873037338,0.0001
3904291,5646,4375.0,,,,,,,,46355.444460868835,0.0001
3905224,5647,4550.0,,,,,,,,46367.06953907013,0.0001
3906403,5648,4450.0,,,,,,,,46381.659908533096,0.0001
3907296,5649,4475.0,,,,,,,,46392.838564395905,0.0001
3908421,5650,7825.0,,,,,,,,46406.8193666935,0.0001
3909286,5651,4400.0,,,,,,,,46417.53080058098,0.0001
3910369,5652,4475.0,,,,,,,,46430.94648241997,0.0001
3911119,5653,4350.0,,,,,,,,46440.242641210556,0.0001
3912315,5654,4375.0,,,,,,,,46455.064613580704,0.0001
3913119,5655,4500.0,,,,,,,,46465.0809841156,0.0001
3914194,5656,4475.0,,,,,,,,46478.497398138046,0.0001
3915163,5657,4425.0,,,,,,,,46490.53441095352,0.0001
3916387,5658,4475.0,,,,,,,,46505.792759895325,0.0001
3917670,5659,7675.0,,,,,,,,46521.69781422615,0.0001
3918563,5660,4300.0,,,,,,,,46532.75548052788,0.0001
3919876,5661,4475.0,,,,,,,,46549.09955883026,0.0001
3920837,5662,4475.0,,,,,,,,46561.100274801254,0.0001
3921922,5663,4350.0,,,,,,,,46574.63785147667,0.0001
3923155,5664,4300.0,,,,,,,,46590.01065206528,0.0001
3923999,5665,4575.0,,,,,,,,46600.551236867905,0.0001
3924892,5666,4425.0,,,,,,,,46611.65947461128,0.0001
3925950,5667,8200.0,,,,,,,,46624.831726551056,0.0001
3927111,5668,4850.0,,,,,,,,46639.277467012405,0.0001
3927982,5669,4400.0,,,,,,,,46650.11481523514,0.0001
3929047,5670,4400.0,,,,,,,,46663.403534173965,0.0001
3929841,5671,4875.0,,,,,,,,46673.32369208336,0.0001
3930521,5672,4300.0,,,,,,,,46681.874063014984,0.0001
3932023,5673,4525.0,,,,,,,,46700.488349199295,0.0001
3932911,5674,4425.0,,,,,,,,46711.540356874466,0.0001
3933915,5675,4375.0,,,,,,,,46723.97420024872,0.0001
3934872,5676,4350.0,,,,,,,,46735.82098865509,0.0001
3936064,5677,4400.0,,,,,,,,46750.68952584267,0.0001
3936954,5678,4425.0,,,,,,,,46761.762835502625,0.0001
3938155,5679,4475.0,,,,,,,,46776.676800727844,0.0001
3939164,5680,4900.0,,,,,,,,46789.2437274456,0.0001
3940211,5681,4450.0,,,,,,,,46802.353454589844,0.0001
3941098,5682,4500.0,,,,,,,,46813.388768196106,0.0001
3942113,5683,500.0,,,,,,,,46826.12564992905,0.0001
3942617,5684,3625.0,,,,,,,,46832.44792866707,0.0001
3943322,5685,4250.0,,,,,,,,46841.21782159805,0.0001
3944131,5686,4350.0,,,,,,,,46851.26660132408,0.0001
3945357,5687,4450.0,,,,,,,,46866.52143955231,0.0001
3946099,5688,4325.0,,,,,,,,46875.73989152908,0.0001
3946968,5689,4250.0,,,,,,,,46886.579726457596,0.0001
3948133,5690,4450.0,,,,,,,,46901.09674835205,0.0001
3949099,5691,4550.0,,,,,,,,46913.08548331261,0.0001
3949603,5692,400.0,,,,,,,,46919.39249396324,0.0001
3950916,5693,4925.0,,,,,,,,46935.58963179588,0.0001
3952469,5694,8325.0,,,,,,,,46954.86406135559,0.0001
3953652,5695,5450.0,,,,,,,,46969.41401004791,0.0001
3955095,5696,4300.0,,,,,,,,46987.26954936981,0.0001
3955796,5697,850.0,,,,,,,,46995.95765733719,0.0001
3956804,5698,4450.0,,,,,,,,47008.45155334473,0.0001
3957344,5699,150.0,,,,,,,,47015.16265082359,0.0001
3958003,5700,775.0,,,,,,,,47023.32226395607,0.0001
3959298,5701,4425.0,,,,,,,,47039.42927503586,0.0001
3960291,5702,4125.0,,,,,,,,47051.77725338936,0.0001
3961321,5703,4325.0,,,,,,,,47064.6587703228,0.0001
3962331,5704,4050.0,,,,,,,,47077.1177842617,0.0001
3963504,5705,4425.0,,,,,,,,47091.63721036911,0.0001
3964373,5706,4325.0,,,,,,,,47102.46547079086,0.0001
3965009,5707,900.0,,,,,,,,47110.46288061142,0.0001
3965589,5708,450.0,,,,,,,,47117.65958046913,0.0001
3966467,5709,4425.0,,,,,,,,47128.548835515976,0.0001
3967199,5710,4400.0,,,,,,,,47137.62699174881,0.0001
3968070,5711,4300.0,,,,,,,,47148.504064798355,0.0001
3969166,5712,4400.0,,,,,,,,47162.01913189888,0.0001
3970282,5713,4325.0,,,,,,,,47175.959008693695,0.0001
3971434,5714,4900.0,,,,,,,,47190.36777830124,0.0001
3972262,5715,4275.0,,,,,,,,47200.70969057083,0.0001
3973482,5716,4925.0,,,,,,,,47216.03885388374,0.0001
3974385,5717,4350.0,,,,,,,,47227.30972528458,0.0001
3975070,5718,4375.0,,,,,,,,47235.76739740372,0.0001
3976232,5719,4400.0,,,,,,,,47250.24608850479,0.0001
3977284,5720,7825.0,,,,,,,,47263.31799006462,0.0001
3978413,5721,4925.0,,,,,,,,47277.46191072464,0.0001
3979443,5722,4075.0,,,,,,,,47290.211584568024,0.0001
3980722,5723,8475.0,,,,,,,,47306.11280488968,0.0001
3981610,5724,4500.0,,,,,,,,47317.15985250473,0.0001
3982580,5725,7700.0,,,,,,,,47329.13841795921,0.0001
3983660,5726,4400.0,,,,,,,,47342.47451877594,0.0001
3984727,5727,4400.0,,,,,,,,47355.741887807846,0.0001
3985742,5728,4500.0,,,,,,,,47368.33267569542,0.0001
3986524,5729,4475.0,,,,,,,,47377.981208086014,0.0001
3988119,5730,4325.0,,,,,,,,47397.80583715439,0.0001
3988904,5731,900.0,,,,,,,,47407.58674430847,0.0001
3990102,5732,5075.0,,,,,,,,47422.48569941521,0.0001
3991058,5733,7725.0,,,,,,,,47434.352229595184,0.0001
3991904,5734,4475.0,,,,,,,,47444.78916525841,0.0001
3992935,5735,4575.0,,,,,,,,47457.65777373314,0.0001
3994146,5736,4450.0,,,,,,,,47472.585825920105,0.0001
3994975,5737,4450.0,,,,,,,,47482.88110613823,0.0001
3995767,5738,4175.0,,,,,,,,47492.735010147095,0.0001
3996473,5739,4300.0,,,,,,,,47501.55484747887,0.0001
3997508,5740,4375.0,,,,,,,,47514.386308431625,0.0001
3998135,5741,4225.0,,,,,,,,47522.29123163223,0.0001
3998998,5742,4425.0,,,,,,,,47533.01273584366,0.0001
4000143,5743,8325.0,,,,,,,,47547.17914199829,0.0001
4000949,5744,4375.0,,,,,,,,47557.26684594154,0.0001
4001793,5745,4475.0,,,,,,,,47567.717104673386,0.0001
4002824,5746,4425.0,,,,,,,,47580.54291200638,0.0001
4003580,5747,4450.0,,,,,,,,47589.99877619743,0.0001
4004702,5748,4400.0,,,,,,,,47603.919182777405,0.0001
4005984,5749,4950.0,,,,,,,,47619.81775975227,0.0001
4006914,5750,4500.0,,,,,,,,47631.357670784,0.0001
4008394,5751,8325.0,,,,,,,,47649.77304005623,0.0001
4009594,5752,7900.0,,,,,,,,47664.53935003281,0.0001
4010388,5753,4350.0,,,,,,,,47674.38051342964,0.0001
4011609,5754,4425.0,,,,,,,,47689.55549788475,0.0001
4012720,5755,4425.0,,,,,,,,47703.4320833683,0.0001
4013818,5756,4575.0,,,,,,,,47717.09885048866,0.0001
4015199,5757,4950.0,,,,,,,,47734.278130054474,0.0001
4016258,5758,4525.0,,,,,,,,47747.50801539421,0.0001
4017352,5759,4375.0,,,,,,,,47761.21748304367,0.0001
4018208,5760,4325.0,,,,,,,,47771.892672777176,0.0001
4019405,5761,4450.0,,,,,,,,47786.81168675423,0.0001
4020706,5762,4900.0,,,,,,,,47802.923446178436,0.0001
4022081,5763,4525.0,,,,,,,,47820.01298594475,0.0001
4023056,5764,4525.0,,,,,,,,47832.056678533554,0.0001
4024207,5765,4525.0,,,,,,,,47846.29613471031,0.0001
4025141,5766,4400.0,,,,,,,,47857.889241456985,0.0001
4026122,5767,4400.0,,,,,,,,47870.11504459381,0.0001
4027615,5768,8250.0,,,,,,,,47888.614798069,0.0001
4028747,5769,4450.0,,,,,,,,47902.74689602852,0.0001
4029944,5770,7750.0,,,,,,,,47917.64468574524,0.0001
4030768,5771,4400.0,,,,,,,,47927.92204117775,0.0001
4031824,5772,4400.0,,,,,,,,47941.02204155922,0.0001
4033173,5773,4450.0,,,,,,,,47957.7482047081,0.0001
4034304,5774,4950.0,,,,,,,,47971.7876932621,0.0001
4035278,5775,4450.0,,,,,,,,47983.95290231705,0.0001
4036337,5776,4450.0,,,,,,,,47997.16179728508,0.0001
4037429,5777,4750.0,,,,,,,,48010.67911076546,0.0001
4038778,5778,7625.0,,,,,,,,48027.31267118454,0.0001
4040187,5779,5000.0,,,,,,,,48044.76774644852,0.0001
4040540,5780,425.0,,,,,,,,48049.19999909401,0.0001
4041271,5781,4350.0,,,,,,,,48058.31636071205,0.0001
4042507,5782,7900.0,,,,,,,,48073.70557832718,0.0001
4043841,5783,8925.0,,,,,,,,48090.282474040985,0.0001
4044985,5784,4475.0,,,,,,,,48104.425483465195,0.0001
4045839,5785,4300.0,,,,,,,,48115.02624583244,0.0001
4046758,5786,850.0,,,,,,,,48126.42572402954,0.0001
4047658,5787,4775.0,,,,,,,,48137.560854911804,0.0001
4048776,5788,7975.0,,,,,,,,48151.44270157814,0.0001
4050050,5789,4450.0,,,,,,,,48167.248065948486,0.0001
4051023,5790,4350.0,,,,,,,,48179.26627826691,0.0001
4052129,5791,4725.0,,,,,,,,48192.95826601982,0.0001
4053093,5792,4450.0,,,,,,,,48204.82086062431,0.0001
4054246,5793,4450.0,,,,,,,,48219.167334795,0.0001
4055120,5794,4800.0,,,,,,,,48229.974276304245,0.0001
4055810,5795,4325.0,,,,,,,,48238.533331394196,0.0001
4056645,5796,4500.0,,,,,,,,48248.90235924721,0.0001
4057411,5797,4475.0,,,,,,,,48258.40872550011,0.0001
4058447,5798,4325.0,,,,,,,,48271.10336232185,0.0001
4059342,5799,4725.0,,,,,,,,48282.222235918045,0.0001
4060586,5800,8125.0,,,,,,,,48297.675146341324,0.0001
4061299,5801,775.0,,,,,,,,48306.65656232834,0.0001
4062160,5802,4450.0,,,,,,,,48317.46614789963,0.0001
4062553,5803,650.0,,,,,,,,48322.45127701759,0.0001
4063564,5804,4900.0,,,,,,,,48334.98103451729,0.0001
4064413,5805,4525.0,,,,,,,,48345.58184671402,0.0001
4065330,5806,4850.0,,,,,,,,48356.96513080597,0.0001
4066166,5807,4300.0,,,,,,,,48367.35795545578,0.0001
4066539,5808,275.0,,,,,,,,48371.95845627785,0.0001
4067766,5809,4450.0,,,,,,,,48387.200796842575,0.0001
4069088,5810,4925.0,,,,,,,,48403.635189533234,0.0001
4069661,5811,500.0,,,,,,,,48410.84577512741,0.0001
4070574,5812,4275.0,,,,,,,,48422.14761543274,0.0001
4071714,5813,4450.0,,,,,,,,48436.261011600494,0.0001
4072741,5814,4450.0,,,,,,,,48448.996042490005,0.0001
4073888,5815,4475.0,,,,,,,,48463.20776939392,0.0001
4074933,5816,4525.0,,,,,,,,48476.18854212761,0.0001
4075857,5817,4525.0,,,,,,,,48487.659987449646,0.0001
4077223,5818,4525.0,,,,,,,,48504.478096961975,0.0001
4078170,5819,4425.0,,,,,,,,48516.32838535309,0.0001
4078447,5820,0.0,,,,,,,,48519.82440495491,0.0001
4079404,5821,4275.0,,,,,,,,48531.78264379501,0.0001
4080778,5822,7950.0,,,,,,,,48548.84378051758,0.0001
4081158,5823,400.0,,,,,,,,48553.6246740818,0.0001
4081495,5824,300.0,,,,,,,,48557.84113883972,0.0001
4081886,5825,275.0,,,,,,,,48562.749854803085,0.0001
4082898,5826,4425.0,,,,,,,,48575.30356025696,0.0001
4083683,5827,3975.0,,,,,,,,48585.10750603676,0.0001
4084598,5828,4500.0,,,,,,,,48596.45624446869,0.0001
4084934,5829,200.0,,,,,,,,48600.66347408295,0.0001
4086005,5830,725.0,,,,,,,,48613.971906900406,0.0001
4086953,5831,4450.0,,,,,,,,48625.79842162132,0.0001
4087744,5832,4550.0,,,,,,,,48635.619736909866,0.0001
4088666,5833,4375.0,,,,,,,,48647.14214658737,0.0001
4089768,5834,4450.0,,,,,,,,48660.80268740654,0.0001
4091015,5835,4550.0,,,,,,,,48676.263323783875,0.0001
4091418,5836,575.0,,,,,,,,48681.30740237236,0.0001
4092648,5837,4475.0,,,,,,,,48696.53847408295,0.0001
4093607,5838,4775.0,,,,,,,,48708.52444386482,0.0001
4094254,5839,4275.0,,,,,,,,48716.59553718567,0.0001
4095526,5840,4450.0,,,,,,,,48732.390523433685,0.0001
4096265,5841,250.0,,,,,,,,48741.5924384594,0.0001
4097513,5842,4575.0,,,,,,,,48757.02090883255,0.0001
4098903,5843,4950.0,,,,,,,,48774.21180343628,0.0001
4100127,5844,4425.0,,,,,,,,48789.3472943306,0.0001
4101402,5845,4550.0,,,,,,,,48805.129658699036,0.0001
4102044,5846,575.0,,,,,,,,48813.1191945076,0.0001
4103465,5847,4900.0,,,,,,,,48830.804079294205,0.0001
4105075,5848,8250.0,,,,,,,,48850.60119366646,0.0001
4106304,5849,4450.0,,,,,,,,48865.8558382988,0.0001
4107512,5850,4525.0,,,,,,,,48880.82004570961,0.0001
4108491,5851,4325.0,,,,,,,,48893.07295823097,0.0001
4108835,5852,300.0,,,,,,,,48897.39786052704,0.0001
4109601,5853,4325.0,,,,,,,,48906.92636990547,0.0001
4110822,5854,4875.0,,,,,,,,48922.035949230194,0.0001
4112044,5855,4950.0,,,,,,,,48937.228895902634,0.0001
4113144,5856,4450.0,,,,,,,,48950.86057925224,0.0001
4114017,5857,4425.0,,,,,,,,48961.75906777382,0.0001
4115184,5858,4375.0,,,,,,,,48976.198504686356,0.0001
4116489,5859,4400.0,,,,,,,,48992.430183410645,0.0001
4117835,5860,7600.0,,,,,,,,49009.25358200073,0.0001
4119266,5861,8275.0,,,,,,,,49027.08298707008,0.0001
4119750,5862,500.0,,,,,,,,49033.11871409416,0.0001
4120680,5863,4375.0,,,,,,,,49044.720675468445,0.0001
4121924,5864,5050.0,,,,,,,,49060.064890146255,0.0001
4123465,5865,4950.0,,,,,,,,49079.20781826973,0.0001
4124301,5866,4400.0,,,,,,,,49089.641678094864,0.0001
4125152,5867,4450.0,,,,,,,,49100.28805184364,0.0001
4125693,5868,4125.0,,,,,,,,49107.05963730812,0.0001
4126849,5869,4525.0,,,,,,,,49121.34060359001,0.0001
4127570,5870,825.0,,,,,,,,49130.3204433918,0.0001
4128604,5871,4525.0,,,,,,,,49143.156472206116,0.0001
4129777,5872,4475.0,,,,,,,,49157.656517505646,0.0001
4130776,5873,4350.0,,,,,,,,49170.05393409729,0.0001
4131787,5874,7575.0,,,,,,,,49182.57297420502,0.0001
4132955,5875,4350.0,,,,,,,,49196.937875032425,0.0001
4133962,5876,4375.0,,,,,,,,49209.45570588112,0.0001
4134691,5877,4275.0,,,,,,,,49218.59852862358,0.0001
4135933,5878,4425.0,,,,,,,,49234.077001810074,0.0001
4137120,5879,5000.0,,,,,,,,49248.92720222473,0.0001
4138160,5880,4950.0,,,,,,,,49261.98064684868,0.0001
4139148,5881,4475.0,,,,,,,,49274.43904066086,0.0001
4140016,5882,4500.0,,,,,,,,49285.33427500725,0.0001
4140917,5883,4200.0,,,,,,,,49296.639822244644,0.0001
4142142,5884,4450.0,,,,,,,,49311.92416524887,0.0001
4143082,5885,8200.0,,,,,,,,49323.65397953987,0.0001
4143619,5886,700.0,,,,,,,,49330.38016819954,0.0001
4144406,5887,4300.0,,,,,,,,49340.22822880745,0.0001
4145906,5888,4975.0,,,,,,,,49358.77623081207,0.0001
4147005,5889,4450.0,,,,,,,,49372.35226106644,0.0001
4147616,5890,4250.0,,,,,,,,49379.88594079018,0.0001
4148693,5891,4800.0,,,,,,,,49393.263478040695,0.0001
4149662,5892,4450.0,,,,,,,,49405.23696613312,0.0001
4150896,5893,4925.0,,,,,,,,49420.530326128006,0.0001
4151772,5894,4275.0,,,,,,,,49431.39701581001,0.0001
4152215,5895,350.0,,,,,,,,49436.96320271492,0.0001
4153335,5896,4400.0,,,,,,,,49450.842282533646,0.0001
4155199,5897,8750.0,,,,,,,,49473.90529680252,0.0001
4156081,5898,4475.0,,,,,,,,49484.860238075256,0.0001
4157643,5899,7825.0,,,,,,,,49504.230838537216,0.0001
4158726,5900,4425.0,,,,,,,,49517.67092347145,0.0001
4159798,5901,7725.0,,,,,,,,49530.91629076004,0.0001
4160584,5902,4300.0,,,,,,,,49540.59135580063,0.0001
4161740,5903,4550.0,,,,,,,,49554.88632416725,0.0001
4162907,5904,4400.0,,,,,,,,49569.33600473404,0.0001
4163965,5905,4675.0,,,,,,,,49582.44677019119,0.0001
4164820,5906,4375.0,,,,,,,,49593.016641139984,0.0001
4165577,5907,475.0,,,,,,,,49602.44561672211,0.0001
4166516,5908,4375.0,,,,,,,,49614.0526266098,0.0001
4167564,5909,8150.0,,,,,,,,49627.02364015579,0.0001
4169187,5910,7950.0,,,,,,,,49646.94405555725,0.0001
4170370,5911,9400.0,,,,,,,,49661.64459872246,0.0001
4170770,5912,675.0,,,,,,,,49666.63954949379,0.0001
4171693,5913,4375.0,,,,,,,,49678.02131462097,0.0001
4172314,5914,4225.0,,,,,,,,49685.72574567795,0.0001
4173705,5915,9050.0,,,,,,,,49702.92146229744,0.0001
4174925,5916,4400.0,,,,,,,,49718.08524274826,0.0001
4175972,5917,4350.0,,,,,,,,49731.117270708084,0.0001
4177116,5918,4450.0,,,,,,,,49745.336510658264,0.0001
4177842,5919,575.0,,,,,,,,49754.323899030685,0.0001
4179155,5920,7900.0,,,,,,,,49770.58787846565,0.0001
4179647,5921,250.0,,,,,,,,49776.71162557602,0.0001
4180695,5922,4475.0,,,,,,,,49789.69512104988,0.0001
4181444,5923,4775.0,,,,,,,,49798.95260453224,0.0001
4182610,5924,4450.0,,,,,,,,49813.39149260521,0.0001
4183185,5925,775.0,,,,,,,,49820.52291846275,0.0001
4183724,5926,4025.0,,,,,,,,49827.19138288498,0.0001
4184905,5927,4375.0,,,,,,,,49841.90692925453,0.0001
4185945,5928,700.0,,,,,,,,49854.75809407234,0.0001
4187167,5929,7725.0,,,,,,,,49869.88739347458,0.0001
4188334,5930,4900.0,,,,,,,,49884.37514209747,0.0001
4188958,5931,4325.0,,,,,,,,49892.22967147827,0.0001
4190192,5932,4525.0,,,,,,,,49907.546921014786,0.0001
4191484,5933,4450.0,,,,,,,,49923.5554189682,0.0001
4192419,5934,8100.0,,,,,,,,49935.17961549759,0.0001
4193263,5935,4325.0,,,,,,,,49945.613189935684,0.0001
4194155,5936,4400.0,,,,,,,,49956.726791620255,0.0001
4195097,5937,4275.0,,,,,,,,49968.56275129318,0.0001
4196041,5938,4425.0,,,,,,,,49980.26139187813,0.0001
4197156,5939,4550.0,,,,,,,,49994.178203344345,0.0001
4198314,5940,7650.0,,,,,,,,50008.51566243172,0.0001
4199915,5941,7800.0,,,,,,,,50028.34387469292,0.0001
4200630,5942,775.0,,,,,,,,50037.26338458061,0.0001
4201560,5943,4900.0,,,,,,,,50048.920993089676,0.0001
4202585,5944,4425.0,,,,,,,,50061.78817677498,0.0001
4203720,5945,4525.0,,,,,,,,50076.04713177681,0.0001
4204413,5946,4275.0,,,,,,,,50084.6503534317,0.0001
4205487,5947,4475.0,,,,,,,,50097.89815402031,0.0001
4206044,5948,575.0,,,,,,,,50104.731071949005,0.0001
4206627,5949,600.0,,,,,,,,50111.839330911636,0.0001
4207089,5950,825.0,,,,,,,,50117.50237774849,0.0001
4208317,5951,4450.0,,,,,,,,50132.39903306961,0.0001
4209336,5952,4975.0,,,,,,,,50144.74472475052,0.0001
4210945,5953,7900.0,,,,,,,,50164.29648256302,0.0001
4211745,5954,4375.0,,,,,,,,50173.96829032898,0.0001
4213006,5955,4400.0,,,,,,,,50189.40192890167,0.0001
4214335,5956,7925.0,,,,,,,,50205.81565237045,0.0001
4215102,5957,4275.0,,,,,,,,50215.36220216751,0.0001
4216212,5958,7575.0,,,,,,,,50229.02300572395,0.0001
4217339,5959,4450.0,,,,,,,,50243.03562402725,0.0001
4218356,5960,4575.0,,,,,,,,50255.585297346115,0.0001
4219765,5961,7800.0,,,,,,,,50273.06752347946,0.0001
4220805,5962,4350.0,,,,,,,,50285.89668178558,0.0001
4222014,5963,4950.0,,,,,,,,50300.85525536537,0.0001
4223086,5964,4400.0,,,,,,,,50314.14518380165,0.0001
4224045,5965,4425.0,,,,,,,,50326.095126628876,0.0001
4224927,5966,4575.0,,,,,,,,50337.02096962929,0.0001
4226349,5967,8150.0,,,,,,,,50354.70905184746,0.0001
4227551,5968,4475.0,,,,,,,,50369.56933140755,0.0001
4228808,5969,7650.0,,,,,,,,50385.117095947266,0.0001
4229794,5970,4350.0,,,,,,,,50397.30289268494,0.0001
4230771,5971,4450.0,,,,,,,,50409.409048080444,0.0001
4231512,5972,4250.0,,,,,,,,50418.54173254967,0.0001
4232536,5973,7650.0,,,,,,,,50431.22819638252,0.0001
4233333,5974,4375.0,,,,,,,,50441.12203884125,0.0001
4234545,5975,4450.0,,,,,,,,50456.18191623688,0.0001
4235519,5976,4350.0,,,,,,,,50468.225202560425,0.0001
4236376,5977,4350.0,,,,,,,,50478.85425186157,0.0001
4236782,5978,775.0,,,,,,,,50483.93900990486,0.0001
4238099,5979,8175.0,,,,,,,,50500.209332466125,0.0001
4239104,5980,4350.0,,,,,,,,50512.68713736534,0.0001
4239985,5981,4400.0,,,,,,,,50523.667669057846,0.0001
4240854,5982,4575.0,,,,,,,,50534.46296477318,0.0001
4242188,5983,5025.0,,,,,,,,50550.91664290428,0.0001
4243292,5984,4450.0,,,,,,,,50564.46286654472,0.0001
4244076,5985,4325.0,,,,,,,,50574.11752653122,0.0001
4245524,5986,7875.0,,,,,,,,50592.05894827843,0.0001
4246255,5987,4175.0,,,,,,,,50601.1556186676,0.0001
4247188,5988,4325.0,,,,,,,,50612.708017110825,0.0001
4248312,5989,4950.0,,,,,,,,50626.633256196976,0.0001
4249306,5990,4350.0,,,,,,,,50638.99961519241,0.0001
4250208,5991,4325.0,,,,,,,,50650.26904082298,0.0001
4251109,5992,7750.0,,,,,,,,50661.51575875282,0.0001
4252320,5993,4475.0,,,,,,,,50676.55191755295,0.0001
4253380,5994,7600.0,,,,,,,,50689.577226400375,0.0001
4254829,5995,7850.0,,,,,,,,50707.56510591507,0.0001
4256669,5996,7950.0,,,,,,,,50730.354436159134,0.0001
4257982,5997,5050.0,,,,,,,,50746.61217498779,0.0001
4259268,5998,4475.0,,,,,,,,50762.51506090164,0.0001
4260170,5999,4375.0,,,,,,,,50773.74771356583,0.0001
4261393,6000,8075.0,,,,,,,,50788.82178258896,0.0001
4262484,6001,7775.0,,,,,,,,50802.33548736572,0.0001
4263462,6002,4550.0,,,,,,,,50814.4156460762,0.0001
4264458,6003,4400.0,,,,,,,,50826.76929783821,0.0001
4265711,6004,4400.0,,,,,,,,50842.242146253586,0.0001
4267360,6005,8050.0,,,,,,,,50862.62091255188,0.0001
4268219,6006,4350.0,,,,,,,,50873.318442583084,0.0001
4269029,6007,4375.0,,,,,,,,50883.32117366791,0.0001
4269910,6008,4425.0,,,,,,,,50894.247609853745,0.0001
4270891,6009,4275.0,,,,,,,,50906.42109823227,0.0001
4272346,6010,5050.0,,,,,,,,50924.35320734978,0.0001
4273532,6011,4450.0,,,,,,,,50939.10500049591,0.0001
4274445,6012,4350.0,,,,,,,,50950.52827811241,0.0001
4275646,6013,4400.0,,,,,,,,50965.43284225464,0.0001
4277258,6014,8500.0,,,,,,,,50985.46567630768,0.0001
4278236,6015,4500.0,,,,,,,,50997.557517528534,0.0001
4279577,6016,5425.0,,,,,,,,51014.188388347626,0.0001
4280583,6017,4425.0,,,,,,,,51026.612069129944,0.0001
4281750,6018,4475.0,,,,,,,,51041.16671252251,0.0001
4282789,6019,4350.0,,,,,,,,51054.07858610153,0.0001
4283956,6020,4550.0,,,,,,,,51068.49994182587,0.0001
4285435,6021,4475.0,,,,,,,,51086.909775972366,0.0001
4286121,6022,4175.0,,,,,,,,51095.42425560951,0.0001
4287170,6023,4450.0,,,,,,,,51108.46736383438,0.0001
4287960,6024,4325.0,,,,,,,,51118.2529296875,0.0001
4289387,6025,5100.0,,,,,,,,51136.095403671265,0.0001
4290390,6026,4400.0,,,,,,,,51148.58278107643,0.0001
4291207,6027,4225.0,,,,,,,,51158.69244980812,0.0001
4292193,6028,4250.0,,,,,,,,51171.0035777092,0.0001
4292904,6029,4225.0,,,,,,,,51179.8770275116,0.0001
4294267,6030,7925.0,,,,,,,,51196.7666246891,0.0001
4295330,6031,4475.0,,,,,,,,51209.9834856987,0.0001
4296376,6032,7775.0,,,,,,,,51222.79112005234,0.0001
4297608,6033,7950.0,,,,,,,,51237.747264146805,0.0001
4298574,6034,4475.0,,,,,,,,51249.427940130234,0.0001
4299570,6035,8225.0,,,,,,,,51261.59041428566,0.0001
4300173,6036,800.0,,,,,,,,51268.90529036522,0.0001
4301275,6037,7875.0,,,,,,,,51282.29370164871,0.0001
4301995,6038,4450.0,,,,,,,,51291.07863163948,0.0001
4303074,6039,4950.0,,,,,,,,51304.458624362946,0.0001
4304413,6040,7750.0,,,,,,,,51321.08070778847,0.0001
4305466,6041,4275.0,,,,,,,,51334.309576034546,0.0001
4306443,6042,7750.0,,,,,,,,51346.481162548065,0.0001
4307222,6043,4200.0,,,,,,,,51356.156561136246,0.0001
4308524,6044,8475.0,,,,,,,,51372.2080142498,0.0001
4309613,6045,7675.0,,,,,,,,51385.869322538376,0.0001
4311208,6046,9075.0,,,,,,,,51405.69783449173,0.0001
4311906,6047,4350.0,,,,,,,,51414.38190460205,0.0001
4313053,6048,4550.0,,,,,,,,51428.50310921669,0.0001
4314046,6049,4375.0,,,,,,,,51440.782896995544,0.0001
4314869,6050,4425.0,,,,,,,,51450.83677792549,0.0001
4315565,6051,4225.0,,,,,,,,51459.42767906189,0.0001
4316775,6052,4450.0,,,,,,,,51474.51877593994,0.0001
4317869,6053,4425.0,,,,,,,,51488.12841081619,0.0001
4319221,6054,8375.0,,,,,,,,51504.90580582619,0.0001
4320090,6055,4300.0,,,,,,,,51515.66587638855,0.0001
4321238,6056,7725.0,,,,,,,,51529.590258836746,0.0001
4322460,6057,8100.0,,,,,,,,51544.519340991974,0.0001
4323906,6058,9150.0,,,,,,,,51562.27291202545,0.0001
4324584,6059,4475.0,,,,,,,,51570.62504887581,0.0001
4325592,6060,4400.0,,,,,,,,51583.115753650665,0.0001
4326353,6061,750.0,,,,,,,,51592.59814667702,0.0001
4327432,6062,4425.0,,,,,,,,51605.89314818382,0.0001
4329255,6063,8325.0,,,,,,,,51628.5768828392,0.0001
4329652,6064,700.0,,,,,,,,51633.5842294693,0.0001
4330702,6065,4425.0,,,,,,,,51646.616971969604,0.0001
4331944,6066,4300.0,,,,,,,,51661.952615737915,0.0001
4332830,6067,4400.0,,,,,,,,51672.85770988464,0.0001
4333539,6068,525.0,,,,,,,,51681.57032632828,0.0001
4333869,6069,175.0,,,,,,,,51685.68657588959,0.0001
4335075,6070,4925.0,,,,,,,,51700.63052248955,0.0001
4335956,6071,4925.0,,,,,,,,51711.60848283768,0.0001
4336875,6072,4350.0,,,,,,,,51723.105879068375,0.0001
4337806,6073,7975.0,,,,,,,,51734.63633656502,0.0001
4339101,6074,7725.0,,,,,,,,51750.634818315506,0.0001
4340100,6075,4425.0,,,,,,,,51763.048578977585,0.0001
4340843,6076,850.0,,,,,,,,51772.19823765755,0.0001
4342598,6077,8875.0,,,,,,,,51793.530257701874,0.0001
4343386,6078,4375.0,,,,,,,,51803.109874010086,0.0001
4344311,6079,450.0,,,,,,,,51814.3531730175,0.0001
4345628,6080,4600.0,,,,,,,,51830.41977310181,0.0001
4346478,6081,4425.0,,,,,,,,51840.91789317131,0.0001
4347588,6082,7825.0,,,,,,,,51854.68623447418,0.0001
4348807,6083,4575.0,,,,,,,,51869.756009578705,0.0001
4349971,6084,4950.0,,,,,,,,51884.19526410103,0.0001
4351323,6085,8550.0,,,,,,,,51900.955525159836,0.0001
4351985,6086,3975.0,,,,,,,,51909.163217544556,0.0001
4352317,6087,225.0,,,,,,,,51913.32707643509,0.0001
4353119,6088,4075.0,,,,,,,,51923.290570020676,0.0001
4354628,6089,8250.0,,,,,,,,51941.95479679108,0.0001
4355493,6090,4250.0,,,,,,,,51952.7273375988,0.0001
4356208,6091,4300.0,,,,,,,,51961.59917497635,0.0001
4357542,6092,7675.0,,,,,,,,51978.087852954865,0.0001
4358494,6093,4425.0,,,,,,,,51989.91709756851,0.0001
4359235,6094,4550.0,,,,,,,,51999.10957169533,0.0001
4360133,6095,4350.0,,,,,,,,52010.29266381264,0.0001
4361155,6096,550.0,,,,,,,,52022.899928331375,0.0001
4361915,6097,4300.0,,,,,,,,52032.35354304314,0.0001
4363512,6098,9000.0,,,,,,,,52052.11490869522,0.0001
4364409,6099,4550.0,,,,,,,,52063.28642177582,0.0001
4365877,6100,4400.0,,,,,,,,52081.49725961685,0.0001
4366998,6101,5050.0,,,,,,,,52095.42874503136,0.0001
4367784,6102,4325.0,,,,,,,,52105.11343431473,0.0001
4369330,6103,8600.0,,,,,,,,52124.32146167755,0.0001
4370254,6104,4575.0,,,,,,,,52135.78559565544,0.0001
4371367,6105,7950.0,,,,,,,,52149.54031276703,0.0001
4372299,6106,7725.0,,,,,,,,52161.0600297451,0.0001
4373484,6107,4450.0,,,,,,,,52175.726002693176,0.0001
4374488,6108,4375.0,,,,,,,,52188.122842788696,0.0001
4375518,6109,4975.0,,,,,,,,52200.94943857193,0.0001
4376570,6110,650.0,,,,,,,,52213.9411008358,0.0001
4377413,6111,125.0,,,,,,,,52224.40329813957,0.0001
4378300,6112,4425.0,,,,,,,,52235.318752765656,0.0001
4379096,6113,3950.0,,,,,,,,52245.21062088013,0.0001
4380400,6114,8150.0,,,,,,,,52261.24673914909,0.0001
4381670,6115,4000.0,,,,,,,,52276.93987441063,0.0001
4382766,6116,7775.0,,,,,,,,52290.421688079834,0.0001
4383937,6117,7675.0,,,,,,,,52304.982783317566,0.0001
4384753,6118,4325.0,,,,,,,,52315.123415231705,0.0001
4385805,6119,5000.0,,,,,,,,52328.210054159164,0.0001
4386356,6120,700.0,,,,,,,,52335.081194877625,0.0001
4387683,6121,8350.0,,,,,,,,52351.48900127411,0.0001
4388623,6122,4475.0,,,,,,,,52363.20787191391,0.0001
4389830,6123,4450.0,,,,,,,,52378.16479635239,0.0001
4390786,6124,4450.0,,,,,,,,52390.10451030731,0.0001
4391972,6125,4950.0,,,,,,,,52404.77297997475,0.0001
4393032,6126,4550.0,,,,,,,,52417.80670452118,0.0001
4394341,6127,4450.0,,,,,,,,52433.99418616295,0.0001
4395142,6128,625.0,,,,,,,,52443.93312525749,0.0001
4396231,6129,4450.0,,,,,,,,52457.4076089859,0.0001
4396912,6130,450.0,,,,,,,,52465.80879330635,0.0001
4398354,6131,4500.0,,,,,,,,52483.66506457329,0.0001
4399088,6132,4350.0,,,,,,,,52492.8902630806,0.0001
4400465,6133,7950.0,,,,,,,,52509.973974227905,0.0001
4400963,6134,425.0,,,,,,,,52516.15150094032,0.0001
4401860,6135,4550.0,,,,,,,,52527.26833629608,0.0001
4402339,6136,725.0,,,,,,,,52533.28890299797,0.0001
4403096,6137,1225.0,,,,,,,,52542.73647880554,0.0001
4404161,6138,7775.0,,,,,,,,52555.94263744354,0.0001
4405281,6139,4450.0,,,,,,,,52569.798062324524,0.0001
4406237,6140,7825.0,,,,,,,,52581.69838523865,0.0001
4407191,6141,4350.0,,,,,,,,52593.473627090454,0.0001
4408400,6142,4525.0,,,,,,,,52608.340126276016,0.0001
4409168,6143,4475.0,,,,,,,,52617.896639585495,0.0001
4410168,6144,4500.0,,,,,,,,52630.29067707062,0.0001
4411279,6145,7800.0,,,,,,,,52644.005845308304,0.0001
4412011,6146,4425.0,,,,,,,,52653.193943977356,0.0001
4413040,6147,7925.0,,,,,,,,52666.10987782478,0.0001
4413864,6148,3800.0,,,,,,,,52676.28634643555,0.0001
4414830,6149,4350.0,,,,,,,,52688.21836042404,0.0001
4415572,6150,4200.0,,,,,,,,52697.441434144974,0.0001
4416563,6151,7750.0,,,,,,,,52709.782759428024,0.0001
4417426,6152,4550.0,,,,,,,,52720.55136036873,0.0001
4418387,6153,4325.0,,,,,,,,52732.39224481583,0.0001
4419308,6154,4725.0,,,,,,,,52743.833159685135,0.0001
4420285,6155,4275.0,,,,,,,,52756.046612501144,0.0001
4421131,6156,4275.0,,,,,,,,52766.609832048416,0.0001
4421708,6157,1325.0,,,,,,,,52773.79508686066,0.0001
4423056,6158,4775.0,,,,,,,,52790.44630885124,0.0001
4424013,6159,4275.0,,,,,,,,52802.271154880524,0.0001
4425004,6160,7725.0,,,,,,,,52814.6110625267,0.0001
4425547,6161,4150.0,,,,,,,,52821.30026388168,0.0001
4426717,6162,4575.0,,,,,,,,52835.73615574837,0.0001
4427760,6163,4500.0,,,,,,,,52848.67344045639,0.0001
4429021,6164,4950.0,,,,,,,,52864.360376119614,0.0001
4429769,6165,4350.0,,,,,,,,52873.57420921326,0.0001
4430645,6166,4475.0,,,,,,,,52884.46147418022,0.0001
4431562,6167,4300.0,,,,,,,,52895.81228518486,0.0001
4432487,6168,4325.0,,,,,,,,52907.385610580444,0.0001
4433404,6169,4250.0,,,,,,,,52918.80888199806,0.0001
4434264,6170,4375.0,,,,,,,,52929.51740312576,0.0001
4435485,6171,8025.0,,,,,,,,52944.65007519722,0.0001
4436462,6172,850.0,,,,,,,,52956.76903629303,0.0001
4438194,6173,8175.0,,,,,,,,52978.2021317482,0.0001
4438956,6174,4325.0,,,,,,,,52987.69548487663,0.0001
4440273,6175,7800.0,,,,,,,,53004.150081157684,0.0001
4441637,6176,4700.0,,,,,,,,53020.99141955376,0.0001
4442521,6177,4425.0,,,,,,,,53031.97926688194,0.0001
4443271,6178,4300.0,,,,,,,,53041.2846698761,0.0001
4444244,6179,4400.0,,,,,,,,53053.26602816582,0.0001
4445034,6180,4350.0,,,,,,,,53063.075760126114,0.0001
4446788,6181,8275.0,,,,,,,,53084.77892756462,0.0001
4447619,6182,3900.0,,,,,,,,53095.067950963974,0.0001
4448530,6183,4475.0,,,,,,,,53106.3573076725,0.0001
4449889,6184,8075.0,,,,,,,,53123.08693289757,0.0001
4451309,6185,7800.0,,,,,,,,53140.65619087219,0.0001
4451814,6186,575.0,,,,,,,,53146.93091201782,0.0001
4452269,6187,550.0,,,,,,,,53152.55290555954,0.0001
4453208,6188,4550.0,,,,,,,,53164.151376485825,0.0001
4454155,6189,8000.0,,,,,,,,53175.81913757324,0.0001
4454815,6190,4125.0,,,,,,,,53184.02907371521,0.0001
4455758,6191,4150.0,,,,,,,,53195.68963623047,0.0001
4456239,6192,725.0,,,,,,,,53201.73805141449,0.0001
4457433,6193,7475.0,,,,,,,,53216.62341976166,0.0001
4458101,6194,4175.0,,,,,,,,53224.942873716354,0.0001
4459044,6195,775.0,,,,,,,,53236.69143199921,0.0001
4460250,6196,7775.0,,,,,,,,53251.66130232811,0.0001
4461247,6197,7800.0,,,,,,,,53264.06350183487,0.0001
4462076,6198,4125.0,,,,,,,,53274.35161113739,0.0001
4462850,6199,4300.0,,,,,,,,53283.96818137169,0.0001
4463422,6200,175.0,,,,,,,,53291.118819475174,0.0001
4464623,6201,8325.0,,,,,,,,53306.01976895332,0.0001
4465718,6202,7850.0,,,,,,,,53319.627812862396,0.0001
4466614,6203,4250.0,,,,,,,,53330.708223581314,0.0001
4467656,6204,7750.0,,,,,,,,53343.61684393883,0.0001
4469169,6205,8450.0,,,,,,,,53362.39970040321,0.0001
4469948,6206,525.0,,,,,,,,53372.06224656105,0.0001
4471028,6207,4475.0,,,,,,,,53385.422003507614,0.0001
4471745,6208,4300.0,,,,,,,,53394.310979127884,0.0001
4472662,6209,4350.0,,,,,,,,53405.623797893524,0.0001
4473312,6210,4250.0,,,,,,,,53413.71727824211,0.0001
4474631,6211,5050.0,,,,,,,,53430.071126937866,0.0001
4475500,6212,4375.0,,,,,,,,53440.853910923004,0.0001
4476557,6213,4425.0,,,,,,,,53454.04379105568,0.0001
4477412,6214,7575.0,,,,,,,,53464.69288825989,0.0001
4478385,6215,4400.0,,,,,,,,53476.8245139122,0.0001
4479306,6216,7575.0,,,,,,,,53488.23230266571,0.0001
4480447,6217,7800.0,,,,,,,,53502.34394645691,0.0001
4481481,6218,7775.0,,,,,,,,53515.10910773277,0.0001
4482670,6219,7950.0,,,,,,,,53529.801605939865,0.0001
4483893,6220,8875.0,,,,,,,,53544.99012589455,0.0001
4485131,6221,4425.0,,,,,,,,53560.388550281525,0.0001
4485942,6222,4425.0,,,,,,,,53570.48880505562,0.0001
4487289,6223,7950.0,,,,,,,,53587.138732910156,0.0001
4488881,6224,8150.0,,,,,,,,53606.91502761841,0.0001
4489678,6225,4300.0,,,,,,,,53616.72854280472,0.0001
4490332,6226,4150.0,,,,,,,,53624.78619122505,0.0001
4491129,6227,4300.0,,,,,,,,53634.70083403587,0.0001
4492399,6228,4450.0,,,,,,,,53650.46689462662,0.0001
4493460,6229,7825.0,,,,,,,,53663.56767344475,0.0001
4494800,6230,4450.0,,,,,,,,53680.15613794327,0.0001
4495948,6231,7975.0,,,,,,,,53694.38337802887,0.0001
4497243,6232,4525.0,,,,,,,,53710.521585702896,0.0001
4498389,6233,8050.0,,,,,,,,53724.711517095566,0.0001
4499138,6234,4425.0,,,,,,,,53734.05870985985,0.0001
4500134,6235,7675.0,,,,,,,,53746.846314668655,0.0001
4500936,6236,4350.0,,,,,,,,53757.339468955994,0.0001
4502020,6237,5025.0,,,,,,,,53770.863361120224,0.0001
4502865,6238,7675.0,,,,,,,,53781.401639699936,0.0001
4504489,6239,12350.0,,,,,,,,53801.575729608536,0.0001
4505896,6240,8075.0,,,,,,,,53819.22523331642,0.0001
4506602,6241,4175.0,,,,,,,,53828.100279569626,0.0001
4507953,6242,4950.0,,,,,,,,53844.899215221405,0.0001
4509139,6243,4475.0,,,,,,,,53859.79982638359,0.0001
4509804,6244,4225.0,,,,,,,,53868.057807445526,0.0001
4510645,6245,4450.0,,,,,,,,53878.53938126564,0.0001
4511363,6246,4200.0,,,,,,,,53887.63024497032,0.0001
4512101,6247,4325.0,,,,,,,,53896.875556230545,0.0001
4513274,6248,7800.0,,,,,,,,53911.54359841347,0.0001
4514245,6249,4550.0,,,,,,,,53923.72273850441,0.0001
4515233,6250,7700.0,,,,,,,,53936.0673699379,0.0001
4516680,6251,8625.0,,,,,,,,53954.12877511978,0.0001
4517840,6252,7900.0,,,,,,,,53968.89442038536,0.0001
4519002,6253,7950.0,,,,,,,,53983.45138812065,0.0001
4520160,6254,7875.0,,,,,,,,53997.602623701096,0.0001
4521629,6255,8400.0,,,,,,,,54015.65592980385,0.0001
4522828,6256,7950.0,,,,,,,,54030.612006664276,0.0001
4523785,6257,7575.0,,,,,,,,54042.58966708183,0.0001
4525073,6258,8475.0,,,,,,,,54058.73347353935,0.0001
4525794,6259,4400.0,,,,,,,,54067.69386720657,0.0001
4526675,6260,4475.0,,,,,,,,54078.63258457184,0.0001
4527525,6261,4425.0,,,,,,,,54089.28597187996,0.0001
4528352,6262,4300.0,,,,,,,,54099.56434297562,0.0001
4529478,6263,7750.0,,,,,,,,54113.60604143143,0.0001
4530239,6264,4300.0,,,,,,,,54123.25568008423,0.0001
4531850,6265,8450.0,,,,,,,,54142.99748015404,0.0001
4533027,6266,7875.0,,,,,,,,54157.401961803436,0.0001
4533874,6267,5600.0,,,,,,,,54167.98797917366,0.0001
4535012,6268,4625.0,,,,,,,,54182.16251564026,0.0001
4535732,6269,4325.0,,,,,,,,54191.143201351166,0.0001
4536655,6270,5375.0,,,,,,,,54202.6067636013,0.0001
4537797,6271,4400.0,,,,,,,,54216.7684879303,0.0001
4538637,6272,4300.0,,,,,,,,54227.24522805214,0.0001
4539965,6273,4475.0,,,,,,,,54243.717670202255,0.0001
4540645,6274,4400.0,,,,,,,,54252.19013905525,0.0001
4541394,6275,4300.0,,,,,,,,54261.46506381035,0.0001
4542243,6276,7575.0,,,,,,,,54272.02248120308,0.0001
4543302,6277,4850.0,,,,,,,,54285.31389307976,0.0001
4544368,6278,4375.0,,,,,,,,54298.472830057144,0.0001
4545402,6279,4375.0,,,,,,,,54311.38887476921,0.0001
4546381,6280,4450.0,,,,,,,,54323.61159324646,0.0001
4547718,6281,4950.0,,,,,,,,54340.28282785416,0.0001
4549109,6282,8300.0,,,,,,,,54357.56879043579,0.0001
4550416,6283,7950.0,,,,,,,,54373.80740427971,0.0001
4551401,6284,7875.0,,,,,,,,54386.071115255356,0.0001
4552560,6285,4550.0,,,,,,,,54400.51136159897,0.0001
4553949,6286,7875.0,,,,,,,,54417.80343222618,0.0001
4555222,6287,7850.0,,,,,,,,54433.45783448219,0.0001
4556691,6288,8550.0,,,,,,,,54451.7593870163,0.0001
4557712,6289,4375.0,,,,,,,,54464.458315849304,0.0001
4558086,6290,350.0,,,,,,,,54469.167657613754,0.0001
4558846,6291,4250.0,,,,,,,,54478.67565202713,0.0001
4559479,6292,4400.0,,,,,,,,54486.398552656174,0.0001
4560331,6293,4500.0,,,,,,,,54496.76192069054,0.0001
4561233,6294,4425.0,,,,,,,,54508.00798726082,0.0001
4561828,6295,4525.0,,,,,,,,54515.458277225494,0.0001
4562793,6296,4375.0,,,,,,,,54527.53968310356,0.0001
4563979,6297,7950.0,,,,,,,,54542.20743942261,0.0001
4565070,6298,7750.0,,,,,,,,54555.7877407074,0.0001
4566158,6299,4450.0,,,,,,,,54569.275259017944,0.0001
4567263,6300,4500.0,,,,,,,,54582.96727347374,0.0001
4567919,6301,4500.0,,,,,,,,54591.23403930664,0.0001
4569186,6302,8075.0,,,,,,,,54606.93267941475,0.0001
4569885,6303,4325.0,,,,,,,,54615.70881295204,0.0001
4570351,6304,825.0,,,,,,,,54621.51640915871,0.0001
4571066,6305,4275.0,,,,,,,,54630.47034692764,0.0001
4571783,6306,500.0,,,,,,,,54639.32924056053,0.0001
4572763,6307,4150.0,,,,,,,,54651.40906524658,0.0001
4573712,6308,4500.0,,,,,,,,54663.20638513565,0.0001
4574392,6309,4300.0,,,,,,,,54671.587721824646,0.0001
4575429,6310,4350.0,,,,,,,,54684.44972777367,0.0001
4576312,6311,4400.0,,,,,,,,54695.42284965515,0.0001
4577855,6312,8700.0,,,,,,,,54714.606582164764,0.0001
4579214,6313,7875.0,,,,,,,,54731.45835351944,0.0001
4580982,6314,8575.0,,,,,,,,54753.32148981094,0.0001
4582036,6315,4375.0,,,,,,,,54766.38002324104,0.0001
4582833,6316,4450.0,,,,,,,,54776.29460811615,0.0001
4583309,6317,250.0,,,,,,,,54782.23686814308,0.0001
4584603,6318,8075.0,,,,,,,,54798.313724279404,0.0001
4585931,6319,5000.0,,,,,,,,54814.69165754318,0.0001
4587514,6320,4475.0,,,,,,,,54834.349197626114,0.0001
4588590,6321,4550.0,,,,,,,,54847.867878198624,0.0001
4589709,6322,7750.0,,,,,,,,54861.73858118057,0.0001
4590396,6323,4375.0,,,,,,,,54870.128895998,0.0001
4591617,6324,7975.0,,,,,,,,54885.005719423294,0.0001
4592368,6325,4325.0,,,,,,,,54894.21326327324,0.0001
4593594,6326,7875.0,,,,,,,,54909.203338861465,0.0001
4594551,6327,4375.0,,,,,,,,54920.88569378853,0.0001
4595604,6328,8050.0,,,,,,,,54933.86890530586,0.0001
4596640,6329,4950.0,,,,,,,,54946.751771211624,0.0001
4597813,6330,4575.0,,,,,,,,54961.45220398903,0.0001
4598588,6331,4350.0,,,,,,,,54971.08025932312,0.0001
4599607,6332,4450.0,,,,,,,,54983.72880554199,0.0001
4600605,6333,4450.0,,,,,,,,54996.04345989227,0.0001
4601949,6334,7675.0,,,,,,,,55012.56315565109,0.0001
4603106,6335,4550.0,,,,,,,,55026.98963046074,0.0001
4603993,6336,4425.0,,,,,,,,55038.061195611954,0.0001
4605299,6337,8525.0,,,,,,,,55054.12911486626,0.0001
4607118,6338,11800.0,,,,,,,,55076.747718811035,0.0001
4608306,6339,7850.0,,,,,,,,55091.417138814926,0.0001
4609033,6340,4400.0,,,,,,,,55100.511708498,0.0001
4610123,6341,4450.0,,,,,,,,55114.052213191986,0.0001
4611050,6342,4475.0,,,,,,,,55125.57676243782,0.0001
4612252,6343,4450.0,,,,,,,,55140.507493019104,0.0001
4613277,6344,4425.0,,,,,,,,55153.22172856331,0.0001
4614271,6345,4475.0,,,,,,,,55165.495775938034,0.0001
4615101,6346,4450.0,,,,,,,,55175.73131132126,0.0001
4616240,6347,7825.0,,,,,,,,55189.91943240166,0.0001
4616829,6348,4175.0,,,,,,,,55197.230563402176,0.0001
4617678,6349,4275.0,,,,,,,,55207.5986893177,0.0001
4618910,6350,7900.0,,,,,,,,55222.53944659233,0.0001
4619931,6351,7775.0,,,,,,,,55234.931379795074,0.0001
4621008,6352,7575.0,,,,,,,,55248.06892132759,0.0001
4622690,6353,8450.0,,,,,,,,55268.999893665314,0.0001
4623886,6354,7850.0,,,,,,,,55283.77304816246,0.0001
4624420,6355,350.0,,,,,,,,55290.35698390007,0.0001
4624939,6356,675.0,,,,,,,,55296.832674741745,0.0001
4625549,6357,825.0,,,,,,,,55304.452085494995,0.0001
4626377,6358,4375.0,,,,,,,,55314.81967878342,0.0001
4627796,6359,8000.0,,,,,,,,55332.38526940346,0.0001
4628984,6360,4500.0,,,,,,,,55347.07929396629,0.0001
4629977,6361,7900.0,,,,,,,,55359.44419288635,0.0001
4630609,6362,450.0,,,,,,,,55367.326051712036,0.0001
4631986,6363,8100.0,,,,,,,,55384.13900399208,0.0001
4632920,6364,4425.0,,,,,,,,55395.534037828445,0.0001
4634012,6365,4500.0,,,,,,,,55408.783458948135,0.0001
4635147,6366,4475.0,,,,,,,,55422.64689159393,0.0001
4636001,6367,350.0,,,,,,,,55433.05603861809,0.0001
4636886,6368,4375.0,,,,,,,,55443.88181233406,0.0001
4637871,6369,4475.0,,,,,,,,55456.05802106857,0.0001
4638981,6370,7875.0,,,,,,,,55469.90339040756,0.0001
4639928,6371,4425.0,,,,,,,,55481.672860860825,0.0001
4640860,6372,4450.0,,,,,,,,55493.257449150085,0.0001
4642494,6373,7850.0,,,,,,,,55513.56903910637,0.0001
4643139,6374,825.0,,,,,,,,55521.54445552826,0.0001
4644212,6375,7900.0,,,,,,,,55534.83847308159,0.0001
4645254,6376,4500.0,,,,,,,,55547.54497027397,0.0001
4646127,6377,7700.0,,,,,,,,55558.15982961655,0.0001
4647193,6378,7700.0,,,,,,,,55571.41557717323,0.0001
4648050,6379,1325.0,,,,,,,,55582.12488365173,0.0001
4649358,6380,8300.0,,,,,,,,55598.27523732185,0.0001
4650123,6381,4275.0,,,,,,,,55607.77858901024,0.0001
4651227,6382,7850.0,,,,,,,,55621.438391923904,0.0001
4652183,6383,4950.0,,,,,,,,55633.41712975502,0.0001
4653463,6384,7975.0,,,,,,,,55649.23439836502,0.0001
4654365,6385,4300.0,,,,,,,,55660.43909955025,0.0001
4655527,6386,8175.0,,,,,,,,55674.61284852028,0.0001
4656837,6387,8450.0,,,,,,,,55690.72873210907,0.0001
4658253,6388,7975.0,,,,,,,,55708.27206993103,0.0001
4659315,6389,4375.0,,,,,,,,55721.204318761826,0.0001
4660654,6390,7775.0,,,,,,,,55737.570677280426,0.0001
4661334,6391,475.0,,,,,,,,55745.899337768555,0.0001
4662715,6392,7975.0,,,,,,,,55762.700513124466,0.0001
4663953,6393,8075.0,,,,,,,,55777.842029333115,0.0001
4664771,6394,4450.0,,,,,,,,55787.77592587471,0.0001
4665395,6395,550.0,,,,,,,,55795.48321580887,0.0001
4666088,6396,3725.0,,,,,,,,55804.11213374138,0.0001
4667179,6397,4400.0,,,,,,,,55817.77625608444,0.0001
4668252,6398,7700.0,,,,,,,,55831.11028814316,0.0001
4669221,6399,4275.0,,,,,,,,55843.24556016922,0.0001
4670355,6400,7900.0,,,,,,,,55857.26846528053,0.0001
4671103,6401,4200.0,,,,,,,,55866.58210682869,0.0001
4671894,6402,4325.0,,,,,,,,55876.29688382149,0.0001
4673269,6403,8100.0,,,,,,,,55893.237406015396,0.0001
4674052,6404,4275.0,,,,,,,,55902.92233943939,0.0001
4675119,6405,4425.0,,,,,,,,55916.27809166908,0.0001
4676356,6406,11225.0,,,,,,,,55931.52759671211,0.0001
4677199,6407,4325.0,,,,,,,,55941.996817827225,0.0001
4678300,6408,7875.0,,,,,,,,55955.64783978462,0.0001
4679491,6409,7850.0,,,,,,,,55970.45896959305,0.0001
4680730,6410,4450.0,,,,,,,,55985.75944542885,0.0001
4681719,6411,7950.0,,,,,,,,55997.96443319321,0.0001
4683231,6412,8075.0,,,,,,,,56016.65939640999,0.0001
4684747,6413,11475.0,,,,,,,,56035.385167598724,0.0001
4685726,6414,4475.0,,,,,,,,56047.51531076431,0.0001
4686735,6415,4950.0,,,,,,,,56060.08647632599,0.0001
4687720,6416,7825.0,,,,,,,,56072.2551651001,0.0001
4688988,6417,8000.0,,,,,,,,56087.8159160614,0.0001
4689808,6418,4450.0,,,,,,,,56097.96739387512,0.0001
4691070,6419,8075.0,,,,,,,,56113.6129257679,0.0001
4692046,6420,4950.0,,,,,,,,56125.677918195724,0.0001
4693285,6421,8025.0,,,,,,,,56141.0565841198,0.0001
4694657,6422,4475.0,,,,,,,,56158.03923010826,0.0001
4695587,6423,4550.0,,,,,,,,56169.5511739254,0.0001
4696800,6424,7750.0,,,,,,,,56184.60014438629,0.0001
4697931,6425,7975.0,,,,,,,,56198.59782719612,0.0001
4699325,6426,8525.0,,,,,,,,56215.96066427231,0.0001
4700112,6427,4475.0,,,,,,,,56225.777196884155,0.0001
4700861,6428,4300.0,,,,,,,,56235.091584682465,0.0001
4701686,6429,475.0,,,,,,,,56245.28867149353,0.0001
4702773,6430,8125.0,,,,,,,,56258.876421928406,0.0001
4703967,6431,4450.0,,,,,,,,56273.605640888214,0.0001
4704309,6432,175.0,,,,,,,,56277.92076396942,0.0001
4705488,6433,7950.0,,,,,,,,56292.45694923401,0.0001
4706942,6434,8050.0,,,,,,,,56310.5445330143,0.0001
4708135,6435,4975.0,,,,,,,,56325.35957574844,0.0001
4709073,6436,4425.0,,,,,,,,56337.02566456795,0.0001
4709775,6437,4200.0,,,,,,,,56345.78571653366,0.0001
4710637,6438,4850.0,,,,,,,,56356.56110882759,0.0001
4711852,6439,8025.0,,,,,,,,56371.620307445526,0.0001
4712984,6440,8050.0,,,,,,,,56385.73543834686,0.0001
4714056,6441,8050.0,,,,,,,,56399.007725954056,0.0001
4714939,6442,7750.0,,,,,,,,56410.02889943123,0.0001
4716417,6443,4500.0,,,,,,,,56428.465659856796,0.0001
4717645,6444,7925.0,,,,,,,,56443.63626265526,0.0001
4718046,6445,500.0,,,,,,,,56448.61896300316,0.0001
4719229,6446,8550.0,,,,,,,,56463.215947151184,0.0001
4720471,6447,7725.0,,,,,,,,56478.61621236801,0.0001
4721441,6448,4450.0,,,,,,,,56490.68552684784,0.0001
4722471,6449,7800.0,,,,,,,,56503.39427828789,0.0001
4723485,6450,7725.0,,,,,,,,56516.03831791878,0.0001
4724605,6451,7975.0,,,,,,,,56529.92524218559,0.0001
4725653,6452,8075.0,,,,,,,,56542.95249438286,0.0001
4727100,6453,8500.0,,,,,,,,56560.901814222336,0.0001
4728426,6454,8425.0,,,,,,,,56577.34893465042,0.0001
4728996,6455,825.0,,,,,,,,56584.391251564026,0.0001
4730171,6456,7275.0,,,,,,,,56598.947790145874,0.0001
4731769,6457,11725.0,,,,,,,,56618.677636146545,0.0001
4733497,6458,8450.0,,,,,,,,56640.04714822769,0.0001
4734245,6459,4350.0,,,,,,,,56649.32285666466,0.0001
4735142,6460,4450.0,,,,,,,,56660.438487291336,0.0001
4736146,6461,4225.0,,,,,,,,56672.97226047516,0.0001
4737555,6462,8075.0,,,,,,,,56690.363376140594,0.0001
4739028,6463,8800.0,,,,,,,,56708.61291360855,0.0001
4740711,6464,12000.0,,,,,,,,56729.36327314377,0.0001
4741055,6465,200.0,,,,,,,,56733.66304540634,0.0001
4742002,6466,4375.0,,,,,,,,56745.39649128914,0.0001
4742809,6467,950.0,,,,,,,,56755.40864467621,0.0001
4743659,6468,4275.0,,,,,,,,56765.971705913544,0.0001
4744465,6469,4225.0,,,,,,,,56776.05053591728,0.0001
4745751,6470,7950.0,,,,,,,,56791.95109438896,0.0001
4747177,6471,8075.0,,,,,,,,56809.67746949196,0.0001
4748625,6472,7850.0,,,,,,,,56827.43083572388,0.0001
4749373,6473,4500.0,,,,,,,,56836.72981381416,0.0001
4750031,6474,4350.0,,,,,,,,56844.83862328529,0.0001
4750864,6475,4350.0,,,,,,,,56855.19249534607,0.0001
4752101,6476,8025.0,,,,,,,,56870.47691965103,0.0001
4753246,6477,8225.0,,,,,,,,56884.5883641243,0.0001
4754448,6478,8025.0,,,,,,,,56899.4234726429,0.0001
4755509,6479,7900.0,,,,,,,,56912.48118138313,0.0001
4756370,6480,4500.0,,,,,,,,56923.07273602486,0.0001
4757241,6481,7925.0,,,,,,,,56933.84062600136,0.0001
4759009,6482,11525.0,,,,,,,,56955.56417417526,0.0001
4760946,6483,11650.0,,,,,,,,56979.4901432991,0.0001
4761819,6484,4425.0,,,,,,,,56990.27650976181,0.0001
4763356,6485,11300.0,,,,,,,,57009.313145160675,0.0001
4764531,6486,7850.0,,,,,,,,57023.84388613701,0.0001
4765646,6487,7975.0,,,,,,,,57037.77317357063,0.0001
4766838,6488,7925.0,,,,,,,,57052.60550260544,0.0001
4768123,6489,11300.0,,,,,,,,57068.46844983101,0.0001
4769039,6490,4400.0,,,,,,,,57079.830708026886,0.0001
4769941,6491,4300.0,,,,,,,,57091.07214355469,0.0001
4771080,6492,8525.0,,,,,,,,57105.236479997635,0.0001
4772321,6493,11350.0,,,,,,,,57120.7344558239,0.0001
4773821,6494,8575.0,,,,,,,,57139.36989688873,0.0001
4774924,6495,7900.0,,,,,,,,57153.0113132,0.0001
4776196,6496,11400.0,,,,,,,,57168.81308698654,0.0001
4777065,6497,4550.0,,,,,,,,57179.57426381111,0.0001
4777746,6498,4250.0,,,,,,,,57188.0372095108,0.0001
4778512,6499,4300.0,,,,,,,,57197.555053949356,0.0001
4779497,6500,4600.0,,,,,,,,57209.87358045578,0.0001
4780548,6501,8125.0,,,,,,,,57222.884516716,0.0001
4781936,6502,7900.0,,,,,,,,57240.048169612885,0.0001
4783108,6503,8100.0,,,,,,,,57254.55760526657,0.0001
4784827,6504,11625.0,,,,,,,,57275.95477795601,0.0001
4786115,6505,7950.0,,,,,,,,57292.04860806465,0.0001
4787216,6506,4325.0,,,,,,,,57305.757110357285,0.0001
4788070,6507,4375.0,,,,,,,,57316.531073093414,0.0001
4789371,6508,8575.0,,,,,,,,57332.70206832886,0.0001
4790452,6509,7900.0,,,,,,,,57346.085170030594,0.0001
4791153,6510,4325.0,,,,,,,,57354.85380983353,0.0001
4792087,6511,7750.0,,,,,,,,57366.425371170044,0.0001
4792988,6512,4300.0,,,,,,,,57377.66031932831,0.0001
4794785,6513,11875.0,,,,,,,,57399.897434711456,0.0001
4795540,6514,4300.0,,,,,,,,57409.294140815735,0.0001
4796791,6515,8100.0,,,,,,,,57424.81310200691,0.0001
4797593,6516,4475.0,,,,,,,,57434.763811826706,0.0001
4798609,6517,4575.0,,,,,,,,57447.38487291336,0.0001
4799213,6518,4325.0,,,,,,,,57454.86371588707,0.0001
4800337,6519,7825.0,,,,,,,,57468.81636953354,0.0001
4801777,6520,8100.0,,,,,,,,57486.66617894173,0.0001
4802914,6521,8000.0,,,,,,,,57500.74218392372,0.0001
4803713,6522,4575.0,,,,,,,,57510.64671564102,0.0001
4805592,6523,12575.0,,,,,,,,57533.84689116478,0.0001
4806924,6524,7700.0,,,,,,,,57550.40510559082,0.0001
4807633,6525,4250.0,,,,,,,,57559.244040727615,0.0001
4808869,6526,8150.0,,,,,,,,57574.520270586014,0.0001
4809430,6527,525.0,,,,,,,,57581.47877216339,0.0001
4810644,6528,8100.0,,,,,,,,57596.57619690895,0.0001
4812326,6529,8525.0,,,,,,,,57617.33313727379,0.0001
4813383,6530,7675.0,,,,,,,,57630.44532227516,0.0001
4814834,6531,11300.0,,,,,,,,57648.38564705849,0.0001
4816670,6532,11875.0,,,,,,,,57671.151925325394,0.0001
4817993,6533,7875.0,,,,,,,,57687.56773996353,0.0001
4819870,6534,11725.0,,,,,,,,57710.930976867676,0.0001
4820997,6535,7900.0,,,,,,,,57724.98170828819,0.0001
4822057,6536,4425.0,,,,,,,,57738.17401480675,0.0001
4823435,6537,8175.0,,,,,,,,57755.25993561745,0.0001
4824478,6538,4425.0,,,,,,,,57768.25481462479,0.0001
4825561,6539,7900.0,,,,,,,,57781.733119010925,0.0001
4826517,6540,7825.0,,,,,,,,57793.42273044586,0.0001
4827825,6541,8025.0,,,,,,,,57809.55669140816,0.0001
4828679,6542,4450.0,,,,,,,,57820.18822693825,0.0001
4830219,6543,11425.0,,,,,,,,57839.07669520378,0.0001
4831614,6544,8400.0,,,,,,,,57856.33039522171,0.0001
4832788,6545,7775.0,,,,,,,,57870.91292786598,0.0001
4834259,6546,8400.0,,,,,,,,57889.076515197754,0.0001
4835304,6547,7675.0,,,,,,,,57901.917557001114,0.0001
4836158,6548,4300.0,,,,,,,,57912.51133751869,0.0001
4837152,6549,8000.0,,,,,,,,57924.80828619003,0.0001
4838003,6550,4300.0,,,,,,,,57935.41967749596,0.0001
4839255,6551,7975.0,,,,,,,,57951.00742197037,0.0001
4840258,6552,4875.0,,,,,,,,57963.49259638786,0.0001
4841734,6553,11550.0,,,,,,,,57981.738020420074,0.0001
4843214,6554,8125.0,,,,,,,,58000.004227638245,0.0001
4844151,6555,7850.0,,,,,,,,58011.64008641243,0.0001
4844847,6556,4400.0,,,,,,,,58020.23037004471,0.0001
4846815,6557,12650.0,,,,,,,,58044.479338645935,0.0001
4847613,6558,4225.0,,,,,,,,58054.43053126335,0.0001
4849115,6559,8100.0,,,,,,,,58073.07419872284,0.0001
4849882,6560,4200.0,,,,,,,,58082.66863703728,0.0001
4850821,6561,4500.0,,,,,,,,58094.396802425385,0.0001
4852327,6562,11425.0,,,,,,,,58113.00253534317,0.0001
4853349,6563,4525.0,,,,,,,,58125.72964501381,0.0001
4853941,6564,425.0,,,,,,,,58133.10287332535,0.0001
4854976,6565,4300.0,,,,,,,,58145.920468091965,0.0001
4856516,6566,8225.0,,,,,,,,58165.08317375183,0.0001
4858446,6567,11725.0,,,,,,,,58189.08746910095,0.0001
4859836,6568,8050.0,,,,,,,,58206.309713840485,0.0001
4861265,6569,11450.0,,,,,,,,58223.95004558563,0.0001
4862386,6570,7775.0,,,,,,,,58237.8651163578,0.0001
4863136,6571,4175.0,,,,,,,,58247.20896410942,0.0001
4863830,6572,4250.0,,,,,,,,58255.84398603439,0.0001
4864202,6573,300.0,,,,,,,,58260.47693896294,0.0001
4865084,6574,4475.0,,,,,,,,58271.358145713806,0.0001
4865777,6575,4400.0,,,,,,,,58279.946763038635,0.0001
4866569,6576,4400.0,,,,,,,,58289.84943318367,0.0001
4867249,6577,4175.0,,,,,,,,58298.28147983551,0.0001
4868502,6578,8050.0,,,,,,,,58313.78399348259,0.0001
4869406,6579,7600.0,,,,,,,,58325.035873651505,0.0001
4870512,6580,7850.0,,,,,,,,58338.77476978302,0.0001
4871998,6581,11225.0,,,,,,,,58357.249381542206,0.0001
4873445,6582,7975.0,,,,,,,,58375.17829465866,0.0001
4874304,6583,4375.0,,,,,,,,58385.852573633194,0.0001
4875804,6584,8000.0,,,,,,,,58404.3717982769,0.0001
4876800,6585,7750.0,,,,,,,,58416.77582907677,0.0001
4878348,6586,7950.0,,,,,,,,58436.00937461853,0.0001
4879058,6587,4325.0,,,,,,,,58444.87724852562,0.0001
4879970,6588,7900.0,,,,,,,,58456.18881058693,0.0001
4881513,6589,8550.0,,,,,,,,58475.32992839813,0.0001
4882623,6590,4400.0,,,,,,,,58489.03418302536,0.0001
4883540,6591,7925.0,,,,,,,,58500.43139743805,0.0001
4885069,6592,4575.0,,,,,,,,58519.41457080841,0.0001
4886223,6593,800.0,,,,,,,,58533.70773124695,0.0001
4887209,6594,7950.0,,,,,,,,58545.92705821991,0.0001
4888879,6595,11550.0,,,,,,,,58566.52083468437,0.0001
4890004,6596,8050.0,,,,,,,,58580.47424983978,0.0001
4891137,6597,7900.0,,,,,,,,58594.52159905434,0.0001
4892779,6598,12300.0,,,,,,,,58614.82294797897,0.0001
4894084,6599,8100.0,,,,,,,,58631.07130050659,0.0001
4895461,6600,11500.0,,,,,,,,58648.145383358,0.0001
4896916,6601,7925.0,,,,,,,,58666.19092440605,0.0001
4898471,6602,8050.0,,,,,,,,58685.468551158905,0.0001
4899799,6603,8525.0,,,,,,,,58701.73081564903,0.0001
4901314,6604,8100.0,,,,,,,,58720.53604364395,0.0001
4902390,6605,7875.0,,,,,,,,58733.87849855423,0.0001
4903001,6606,3750.0,,,,,,,,58741.56084609032,0.0001
4904182,6607,8275.0,,,,,,,,58756.06105875969,0.0001
4905642,6608,8100.0,,,,,,,,58773.859808921814,0.0001
4906259,6609,4275.0,,,,,,,,58781.38372087479,0.0001
4907406,6610,7925.0,,,,,,,,58795.3383834362,0.0001
4908617,6611,9100.0,,,,,,,,58810.09070277214,0.0001
4909369,6612,4450.0,,,,,,,,58819.21141624451,0.0001
4910507,6613,4375.0,,,,,,,,58833.0459856987,0.0001
4911396,6614,7750.0,,,,,,,,58843.889884233475,0.0001
4912476,6615,7950.0,,,,,,,,58856.93446469307,0.0001
4913100,6616,4325.0,,,,,,,,58864.616300821304,0.0001
4914114,6617,4375.0,,,,,,,,58877.127760887146,0.0001
4914868,6618,4275.0,,,,,,,,58886.45596385002,0.0001
4915935,6619,7750.0,,,,,,,,58899.59734225273,0.0001
4917013,6620,4575.0,,,,,,,,58913.00008773804,0.0001
4917953,6621,4425.0,,,,,,,,58924.609730005264,0.0001
4919113,6622,8150.0,,,,,,,,58938.98052191734,0.0001
4920590,6623,7975.0,,,,,,,,58957.272092819214,0.0001
4921721,6624,8075.0,,,,,,,,58971.18570613861,0.0001
4923068,6625,8050.0,,,,,,,,58987.7885324955,0.0001
4924689,6626,11550.0,,,,,,,,59007.79362607002,0.0001
4925643,6627,4950.0,,,,,,,,59019.574665784836,0.0001
4926921,6628,8025.0,,,,,,,,59035.44040250778,0.0001
4928299,6629,8125.0,,,,,,,,59052.41345119476,0.0001
4929159,6630,4925.0,,,,,,,,59062.99883413315,0.0001
4929924,6631,4475.0,,,,,,,,59072.49038696289,0.0001
4931331,6632,7850.0,,,,,,,,59089.83365035057,0.0001
4932269,6633,4450.0,,,,,,,,59101.509781599045,0.0001
4932848,6634,725.0,,,,,,,,59108.67655920982,0.0001
4934015,6635,7800.0,,,,,,,,59123.01052284241,0.0001
4935696,6636,11775.0,,,,,,,,59143.74737095833,0.0001
4936762,6637,8225.0,,,,,,,,59157.0795378685,0.0001
4938239,6638,8550.0,,,,,,,,59175.39658045769,0.0001
4939531,6639,8025.0,,,,,,,,59191.33861994743,0.0001
4940527,6640,1125.0,,,,,,,,59203.66375494003,0.0001
4941890,6641,8075.0,,,,,,,,59220.58981537819,0.0001
4943618,6642,11975.0,,,,,,,,59242.00614738464,0.0001
4944722,6643,8000.0,,,,,,,,59255.73268532753,0.0001
4946287,6644,8675.0,,,,,,,,59275.089530706406,0.0001
4947153,6645,7650.0,,,,,,,,59285.8420522213,0.0001
4947737,6646,700.0,,,,,,,,59293.135848522186,0.0001
4948740,6647,4425.0,,,,,,,,59305.534776210785,0.0001
4949964,6648,8700.0,,,,,,,,59320.682277441025,0.0001
4951358,6649,11550.0,,,,,,,,59337.94933128357,0.0001
4952405,6650,500.0,,,,,,,,59350.944947719574,0.0001
4953382,6651,5025.0,,,,,,,,59363.04445433617,0.0001
4953820,6652,700.0,,,,,,,,59368.522030591965,0.0001
4955175,6653,8500.0,,,,,,,,59385.25186896324,0.0001
4956465,6654,8075.0,,,,,,,,59401.1140396595,0.0001
4957558,6655,7875.0,,,,,,,,59414.626774549484,0.0001
4959091,6656,8050.0,,,,,,,,59433.50795054436,0.0001
4959555,6657,800.0,,,,,,,,59439.333309173584,0.0001
4959979,6658,650.0,,,,,,,,59444.64561343193,0.0001
4960714,6659,4075.0,,,,,,,,59453.81610584259,0.0001
4961338,6660,4000.0,,,,,,,,59461.55099487305,0.0001
4962249,6661,750.0,,,,,,,,59472.8945248127,0.0001
4963656,6662,11400.0,,,,,,,,59490.332181453705,0.0001
4965259,6663,11600.0,,,,,,,,59510.17744064331,0.0001
4966208,6664,4550.0,,,,,,,,59522.00660228729,0.0001
4966671,6665,125.0,,,,,,,,59527.87060189247,0.0001
4968178,6666,8575.0,,,,,,,,59546.52783846855,0.0001
4969987,6667,11975.0,,,,,,,,59569.01963162422,0.0001
4971644,6668,11675.0,,,,,,,,59589.52163028717,0.0001
4972790,6669,8075.0,,,,,,,,59603.70151877403,0.0001
4973918,6670,8150.0,,,,,,,,59617.7046546936,0.0001
4975652,6671,11700.0,,,,,,,,59639.00518608093,0.0001
4977185,6672,11350.0,,,,,,,,59657.9632089138,0.0001
4978441,6673,7850.0,,,,,,,,59673.446477651596,0.0001
4980041,6674,8125.0,,,,,,,,59693.3045027256,0.0001
4980791,6675,4250.0,,,,,,,,59702.65011429787,0.0001
4981581,6676,625.0,,,,,,,,59712.51014137268,0.0001
4983110,6677,11350.0,,,,,,,,59731.50424146652,0.0001
4984622,6678,11600.0,,,,,,,,59750.126578092575,0.0001
4985175,6679,675.0,,,,,,,,59757.02572059631,0.0001
4986360,6680,11175.0,,,,,,,,59771.66822075844,0.0001
4988012,6681,11875.0,,,,,,,,59792.08183383942,0.0001
4988830,6682,4400.0,,,,,,,,59802.2100315094,0.0001
4989555,6683,4225.0,,,,,,,,59811.19542622566,0.0001
4989894,6684,150.0,,,,,,,,59815.42352056503,0.0001
4990687,6685,4475.0,,,,,,,,59825.28151512146,0.0001
4991260,6686,300.0,,,,,,,,59832.362825870514,0.0001
4992025,6687,4375.0,,,,,,,,59841.96555685997,0.0001
4993320,6688,7775.0,,,,,,,,59858.00479507446,0.0001
4994199,6689,825.0,,,,,,,,59868.952062129974,0.0001
4995557,6690,8550.0,,,,,,,,59885.84770703316,0.0001
4996894,6691,8075.0,,,,,,,,59902.47761583328,0.0001
4997584,6692,4475.0,,,,,,,,59911.09810137749,0.0001
4998645,6693,7900.0,,,,,,,,59924.3347389698,0.0001
4999718,6694,7850.0,,,,,,,,59937.55321907997,0.0001
5000894,6695,7925.0,,,,,,,,59952.11788868904,0.0001
5001475,6696,4225.0,,,,,,,,59959.37360286713,0.0001
5002591,6697,7975.0,,,,,,,,59973.212124586105,0.0001
5003905,6698,7950.0,,,,,,,,59989.43351650238,0.0001
5005562,6699,11450.0,,,,,,,,60009.76162791252,0.0001
5007096,6700,11475.0,,,,,,,,60028.77304625511,0.0001
5008075,6701,7825.0,,,,,,,,60040.91521477699,0.0001
5008593,6702,725.0,,,,,,,,60047.2888841629,0.0001
5009431,6703,1050.0,,,,,,,,60057.6062066555,0.0001
5010641,6704,4525.0,,,,,,,,60072.48958039284,0.0001
5011342,6705,750.0,,,,,,,,60081.17851066589,0.0001
5012022,6706,4350.0,,,,,,,,60089.57839465141,0.0001
5013594,6707,8500.0,,,,,,,,60108.92092132568,0.0001
5015013,6708,11950.0,,,,,,,,60126.30936694145,0.0001
5016114,6709,8350.0,,,,,,,,60139.78875350952,0.0001
5016730,6710,4350.0,,,,,,,,60147.39413046837,0.0001
5018253,6711,11875.0,,,,,,,,60166.080656051636,0.0001
5019450,6712,8025.0,,,,,,,,60180.71637558937,0.0001
5020760,6713,11325.0,,,,,,,,60196.78544664383,0.0001
5021472,6714,4350.0,,,,,,,,60205.60822606087,0.0001
5022712,6715,7950.0,,,,,,,,60220.92473459244,0.0001
5024271,6716,11675.0,,,,,,,,60240.096571445465,0.0001
5025666,6717,8025.0,,,,,,,,60257.18253111839,0.0001
5026946,6718,8075.0,,,,,,,,60272.90014624596,0.0001
5028106,6719,11275.0,,,,,,,,60287.200934410095,0.0001
5029345,6720,11400.0,,,,,,,,60302.34265637398,0.0001
5030283,6721,1425.0,,,,,,,,60313.88682079315,0.0001
5031084,6722,625.0,,,,,,,,60323.79119491577,0.0001
5032637,6723,11850.0,,,,,,,,60342.81268668175,0.0001
5033382,6724,4425.0,,,,,,,,60351.992242097855,0.0001
5034773,6725,11425.0,,,,,,,,60369.02886867523,0.0001
5035888,6726,11300.0,,,,,,,,60382.668518066406,0.0001
5037350,6727,8050.0,,,,,,,,60400.627816200256,0.0001
5038089,6728,3975.0,,,,,,,,60409.72961688042,0.0001
5038810,6729,4550.0,,,,,,,,60418.59141254425,0.0001
5040412,6730,11800.0,,,,,,,,60438.20684123039,0.0001
5041896,6731,11425.0,,,,,,,,60456.34268975258,0.0001
5042742,6732,4000.0,,,,,,,,60466.81537628174,0.0001
5044238,6733,12150.0,,,,,,,,60485.31404995918,0.0001
5045682,6734,8575.0,,,,,,,,60503.127115249634,0.0001
5046874,6735,7500.0,,,,,,,,60517.756212472916,0.0001
5047810,6736,7700.0,,,,,,,,60529.282849788666,0.0001
5048233,6737,350.0,,,,,,,,60534.491812705994,0.0001
5048867,6738,3750.0,,,,,,,,60542.31285262108,0.0001
5049596,6739,775.0,,,,,,,,60551.26516842842,0.0001
5050351,6740,825.0,,,,,,,,60560.520914554596,0.0001
5051367,6741,7875.0,,,,,,,,60573.070641994476,0.0001
5053168,6742,12050.0,,,,,,,,60595.1952483654,0.0001
5054769,6743,11525.0,,,,,,,,60614.86237239838,0.0001
5057161,6744,12100.0,,,,,,,,60644.21039676666,0.0001
5058417,6745,4575.0,,,,,,,,60659.598507642746,0.0001
5059409,6746,1075.0,,,,,,,,60671.77132129669,0.0001
5060261,6747,4275.0,,,,,,,,60682.20172548294,0.0001
5061433,6748,7925.0,,,,,,,,60696.85356736183,0.0001
5062544,6749,4550.0,,,,,,,,60710.85782790184,0.0001
5063509,6750,4500.0,,,,,,,,60723.17519259453,0.0001
5064066,6751,400.0,,,,,,,,60730.294780015945,0.0001
5065740,6752,11675.0,,,,,,,,60751.31991839409,0.0001
5066956,6753,11425.0,,,,,,,,60766.69195795059,0.0001
5067655,6754,4325.0,,,,,,,,60775.346022844315,0.0001
5068585,6755,7625.0,,,,,,,,60786.8397629261,0.0001
5069720,6756,7775.0,,,,,,,,60800.77131271362,0.0001
5070158,6757,650.0,,,,,,,,60806.30576324463,0.0001
5070972,6758,500.0,,,,,,,,60816.44716954231,0.0001
5072121,6759,8000.0,,,,,,,,60830.80048894882,0.0001
5073290,6760,7925.0,,,,,,,,60845.32608294487,0.0001
5074821,6761,11475.0,,,,,,,,60864.40425872803,0.0001
5076174,6762,8575.0,,,,,,,,60881.20086789131,0.0001
5076517,6763,250.0,,,,,,,,60885.553525686264,0.0001
5077494,6764,4725.0,,,,,,,,60897.8612639904,0.0001
5078753,6765,11350.0,,,,,,,,60914.01896715164,0.0001
5080138,6766,8025.0,,,,,,,,60931.352439403534,0.0001
5080830,6767,725.0,,,,,,,,60940.00202918053,0.0001
5081800,6768,4500.0,,,,,,,,60952.02813386917,0.0001
5083197,6769,11950.0,,,,,,,,60969.37681531906,0.0001
5084312,6770,4400.0,,,,,,,,60983.27793622017,0.0001
5085515,6771,8150.0,,,,,,,,60998.29843688011,0.0001
5085868,6772,425.0,,,,,,,,61002.70647382736,0.0001
5086813,6773,7950.0,,,,,,,,61014.43878817558,0.0001
5088400,6774,11750.0,,,,,,,,61034.10931181908,0.0001
5089603,6775,11525.0,,,,,,,,61049.06548190117,0.0001
5091168,6776,11675.0,,,,,,,,61068.57846045494,0.0001
5092242,6777,11325.0,,,,,,,,61081.906781196594,0.0001
5093843,6778,12125.0,,,,,,,,61101.74613380432,0.0001
5094527,6779,725.0,,,,,,,,61110.263850450516,0.0001
5095805,6780,7950.0,,,,,,,,61126.127747535706,0.0001
5097224,6781,11425.0,,,,,,,,61143.50620985031,0.0001
5098370,6782,8250.0,,,,,,,,61157.465027332306,0.0001
5099295,6783,4250.0,,,,,,,,61168.891627550125,0.0001
5100028,6784,4300.0,,,,,,,,61177.93215036392,0.0001
5100749,6785,4000.0,,,,,,,,61186.91745638847,0.0001
5102434,6786,11575.0,,,,,,,,61207.57845926285,0.0001
5103393,6787,8050.0,,,,,,,,61219.31220459938,0.0001
5104592,6788,8075.0,,,,,,,,61234.23744916916,0.0001
5105341,6789,4450.0,,,,,,,,61243.6089656353,0.0001
5106810,6790,9000.0,,,,,,,,61261.83141231537,0.0001
5108037,6791,11450.0,,,,,,,,61277.114331007004,0.0001
5108409,6792,250.0,,,,,,,,61281.81540966034,0.0001
5109520,6793,8150.0,,,,,,,,61295.52910709381,0.0001
5110595,6794,8025.0,,,,,,,,61308.78338623047,0.0001
5111424,6795,4400.0,,,,,,,,61319.08173561096,0.0001
5112296,6796,4450.0,,,,,,,,61330.009409189224,0.0001
5113885,6797,11475.0,,,,,,,,61349.75699305534,0.0001
5114834,6798,7925.0,,,,,,,,61361.49539852142,0.0001
5115996,6799,8575.0,,,,,,,,61375.67600655556,0.0001
5116910,6800,4400.0,,,,,,,,61387.17175364494,0.0001
5118147,6801,8575.0,,,,,,,,61402.500405311584,0.0001
5119514,6802,11450.0,,,,,,,,61419.3459982872,0.0001
5120619,6803,7975.0,,,,,,,,61432.99814391136,0.0001
5122083,6804,11325.0,,,,,,,,61451.09771323204,0.0001
5123515,6805,11450.0,,,,,,,,61468.806410074234,0.0001
5124814,6806,8525.0,,,,,,,,61484.97690653801,0.0001
5125624,6807,450.0,,,,,,,,61494.98298597336,0.0001
5126942,6808,8175.0,,,,,,,,61511.291528463364,0.0001
5127637,6809,1400.0,,,,,,,,61519.9288482666,0.0001
5128983,6810,8575.0,,,,,,,,61536.51763892174,0.0001
5130088,6811,8075.0,,,,,,,,61550.16636323929,0.0001
5131183,6812,4900.0,,,,,,,,61563.82349729538,0.0001
5131971,6813,4200.0,,,,,,,,61573.68028140068,0.0001
5133370,6814,11350.0,,,,,,,,61591.13300871849,0.0001
5134279,6815,4425.0,,,,,,,,61602.44247484207,0.0001
5135420,6816,8125.0,,,,,,,,61616.57814621925,0.0001
5136163,6817,4425.0,,,,,,,,61625.86710643768,0.0001
5136786,6818,4300.0,,,,,,,,61633.58314394951,0.0001
5138109,6819,11500.0,,,,,,,,61650.00929689407,0.0001
5139664,6820,8125.0,,,,,,,,61669.23686146736,0.0001
5140902,6821,11450.0,,,,,,,,61684.61169672012,0.0001
5142750,6822,11725.0,,,,,,,,61707.508363723755,0.0001
5143706,6823,7925.0,,,,,,,,61719.31272125244,0.0001
5144888,6824,8100.0,,,,,,,,61733.85468888283,0.0001
5145846,6825,8200.0,,,,,,,,61745.68071746826,0.0001
5146757,6826,4450.0,,,,,,,,61756.974328517914,0.0001
5148834,6827,11700.0,,,,,,,,61782.579291820526,0.0001
5149310,6828,650.0,,,,,,,,61788.56727313995,0.0001
5149972,6829,4225.0,,,,,,,,61796.88864374161,0.0001
5150950,6830,7900.0,,,,,,,,61809.0574760437,0.0001
5152210,6831,8000.0,,,,,,,,61824.75964808464,0.0001
5153889,6832,11550.0,,,,,,,,61845.52771496773,0.0001
5155382,6833,11675.0,,,,,,,,61863.94555091858,0.0001
5156618,6834,11650.0,,,,,,,,61879.28479170799,0.0001
5157500,6835,7825.0,,,,,,,,61890.263736248016,0.0001
5159069,6836,12025.0,,,,,,,,61909.74877357483,0.0001
5159814,6837,4300.0,,,,,,,,61918.968030929565,0.0001
5160724,6838,7925.0,,,,,,,,61930.24498510361,0.0001
5162191,6839,8175.0,,,,,,,,61948.360525369644,0.0001
5163136,6840,7850.0,,,,,,,,61960.15413451195,0.0001
5164763,6841,12075.0,,,,,,,,61980.01563811302,0.0001
5165743,6842,7900.0,,,,,,,,61991.94147491455,0.0001
5167025,6843,11350.0,,,,,,,,62007.84325480461,0.0001
5167798,6844,4500.0,,,,,,,,62017.38197875023,0.0001
5169299,6845,11700.0,,,,,,,,62035.89844226837,0.0001
5170374,6846,8050.0,,,,,,,,62049.31673717499,0.0001
5171895,6847,12375.0,,,,,,,,62068.07792568207,0.0001
5172713,6848,4450.0,,,,,,,,62078.35876703262,0.0001
5174339,6849,11625.0,,,,,,,,62098.58361196518,0.0001
5175817,6850,8100.0,,,,,,,,62117.00350046158,0.0001
5177374,6851,11400.0,,,,,,,,62136.236464738846,0.0001
5178741,6852,11400.0,,,,,,,,62153.19100570679,0.0001
5180329,6853,12150.0,,,,,,,,62172.85617160797,0.0001
5181629,6854,11425.0,,,,,,,,62188.93716740608,0.0001
5182735,6855,8125.0,,,,,,,,62202.692608594894,0.0001
5184421,6856,12175.0,,,,,,,,62223.61573767662,0.0001
5185027,6857,825.0,,,,,,,,62231.12496685982,0.0001
5185876,6858,4400.0,,,,,,,,62241.73306107521,0.0001
5187428,6859,11550.0,,,,,,,,62260.989550590515,0.0001
5188484,6860,8100.0,,,,,,,,62274.06640768051,0.0001
5190189,6861,11575.0,,,,,,,,62295.16172146797,0.0001
5191360,6862,11300.0,,,,,,,,62309.63569045067,0.0001
5192360,6863,8050.0,,,,,,,,62322.13728785515,0.0001
5193715,6864,11550.0,,,,,,,,62338.87577486038,0.0001
5194914,6865,8075.0,,,,,,,,62353.726925611496,0.0001
5196213,6866,7900.0,,,,,,,,62369.84980249405,0.0001
5197337,6867,8175.0,,,,,,,,62383.67288732529,0.0001
5198667,6868,11350.0,,,,,,,,62400.110694646835,0.0001
5200487,6869,11400.0,,,,,,,,62422.557648420334,0.0001
5201603,6870,11225.0,,,,,,,,62436.36340403557,0.0001
5202999,6871,11900.0,,,,,,,,62453.629856586456,0.0001
5203747,6872,4450.0,,,,,,,,62462.91475844383,0.0001
5205049,6873,11750.0,,,,,,,,62479.130887269974,0.0001
5205895,6874,7825.0,,,,,,,,62489.621634960175,0.0001
5207055,6875,11400.0,,,,,,,,62503.97516441345,0.0001
5208187,6876,8125.0,,,,,,,,62517.923582315445,0.0001
5209446,6877,8125.0,,,,,,,,62533.51272678375,0.0001
5210668,6878,7875.0,,,,,,,,62548.60384750366,0.0001
5211422,6879,650.0,,,,,,,,62558.03168749809,0.0001
5213328,6880,12675.0,,,,,,,,62581.72979307175,0.0001
5214642,6881,11300.0,,,,,,,,62597.98288297653,0.0001
5215408,6882,7575.0,,,,,,,,62607.45585513115,0.0001
5216362,6883,4300.0,,,,,,,,62619.33188676834,0.0001
5217724,6884,11225.0,,,,,,,,62636.325600385666,0.0001
5219012,6885,11575.0,,,,,,,,62652.47982048988,0.0001
5220432,6886,8200.0,,,,,,,,62670.075024843216,0.0001
5221870,6887,11600.0,,,,,,,,62687.939746141434,0.0001
5222572,6888,4200.0,,,,,,,,62696.70116853714,0.0001
5224216,6889,11750.0,,,,,,,,62717.029430389404,0.0001
5225086,6890,4600.0,,,,,,,,62727.843054533005,0.0001
5226271,6891,7950.0,,,,,,,,62742.48707938194,0.0001
5227306,6892,8050.0,,,,,,,,62755.401913404465,0.0001
5228467,6893,11225.0,,,,,,,,62769.93066215515,0.0001
5230074,6894,8550.0,,,,,,,,62789.89358472824,0.0001
5230814,6895,4225.0,,,,,,,,62799.149371147156,0.0001
5231899,6896,8025.0,,,,,,,,62812.5838932991,0.0001
5232989,6897,11250.0,,,,,,,,62826.007362127304,0.0001
5233395,6898,600.0,,,,,,,,62831.09012269974,0.0001
5234327,6899,8100.0,,,,,,,,62842.656947135925,0.0001
5235484,6900,11250.0,,,,,,,,62857.04660773277,0.0001
5236670,6901,8150.0,,,,,,,,62871.649505376816,0.0001
5238249,6902,12100.0,,,,,,,,62891.20271730423,0.0001
5240041,6903,12050.0,,,,,,,,62913.285048246384,0.0001
5241708,6904,12150.0,,,,,,,,62933.8930311203,0.0001
5243109,6905,7875.0,,,,,,,,62951.356377363205,0.0001
5244185,6906,8000.0,,,,,,,,62964.71327853203,0.0001
5245560,6907,11775.0,,,,,,,,62981.7458627224,0.0001
5247463,6908,11925.0,,,,,,,,63005.17102646828,0.0001
5248763,6909,11550.0,,,,,,,,63021.02452087402,0.0001
5250168,6910,11475.0,,,,,,,,63038.47103857994,0.0001
5251638,6911,11650.0,,,,,,,,63056.742959976196,0.0001
5253057,6912,7800.0,,,,,,,,63074.24527668953,0.0001
5253718,6913,4325.0,,,,,,,,63082.56533789635,0.0001
5255070,6914,11825.0,,,,,,,,63099.51162958145,0.0001
5256139,6915,7950.0,,,,,,,,63112.58746790886,0.0001
5258093,6916,12025.0,,,,,,,,63136.771559000015,0.0001
5259309,6917,11575.0,,,,,,,,63151.82907342911,0.0001
5260483,6918,11450.0,,,,,,,,63166.28212714195,0.0001
5261491,6919,8025.0,,,,,,,,63178.82400894165,0.0001
5262742,6920,4800.0,,,,,,,,63194.30111145973,0.0001
5263885,6921,8050.0,,,,,,,,63208.35229682922,0.0001
5264696,6922,4500.0,,,,,,,,63218.325577020645,0.0001
5265895,6923,8100.0,,,,,,,,63232.886186122894,0.0001
5266897,6924,7850.0,,,,,,,,63245.102107048035,0.0001
5268473,6925,11700.0,,,,,,,,63264.1566991806,0.0001
5269372,6926,8000.0,,,,,,,,63275.06931114197,0.0001
5270452,6927,11350.0,,,,,,,,63288.194954395294,0.0001
5272037,6928,12400.0,,,,,,,,63307.60139274597,0.0001
5272844,6929,1000.0,,,,,,,,63317.41437101364,0.0001
5274016,6930,11400.0,,,,,,,,63332.00778269768,0.0001
5275096,6931,7850.0,,,,,,,,63345.42999434471,0.0001
5276286,6932,8500.0,,,,,,,,63360.2446808815,0.0001
5277397,6933,7975.0,,,,,,,,63374.04902911186,0.0001
5278387,6934,11225.0,,,,,,,,63386.15149998665,0.0001
5279619,6935,11475.0,,,,,,,,63401.18472528458,0.0001
5280614,6936,7650.0,,,,,,,,63413.590478897095,0.0001
5281740,6937,8175.0,,,,,,,,63427.55080771446,0.0001
5282360,6938,225.0,,,,,,,,63435.25826072693,0.0001
5283597,6939,11575.0,,,,,,,,63450.63092160225,0.0001
5284577,6940,7875.0,,,,,,,,63462.830805540085,0.0001
5285873,6941,11900.0,,,,,,,,63478.75554728508,0.0001
5287183,6942,11225.0,,,,,,,,63494.74938130379,0.0001
5288763,6943,11600.0,,,,,,,,63514.37744450569,0.0001
5290038,6944,11225.0,,,,,,,,63530.24758696556,0.0001
5291155,6945,7950.0,,,,,,,,63544.179733514786,0.0001
5292761,6946,8400.0,,,,,,,,63564.16274309158,0.0001
5294387,6947,12075.0,,,,,,,,63584.128700733185,0.0001
5295555,6948,11300.0,,,,,,,,63598.65453910828,0.0001
5296698,6949,7900.0,,,,,,,,63612.88029170036,0.0001
5297588,6950,7825.0,,,,,,,,63623.86232423782,0.0001
5298044,6951,625.0,,,,,,,,63629.50195360184,0.0001
5299205,6952,11550.0,,,,,,,,63643.941789627075,0.0001
5300613,6953,11800.0,,,,,,,,63661.30952644348,0.0001
5301792,6954,7900.0,,,,,,,,63675.8805308342,0.0001
5303533,6955,11650.0,,,,,,,,63697.164403915405,0.0001
5304741,6956,11350.0,,,,,,,,63712.13277888298,0.0001
5305764,6957,8050.0,,,,,,,,63724.78045010567,0.0001
5307069,6958,7600.0,,,,,,,,63740.9974963665,0.0001
5308456,6959,8575.0,,,,,,,,63758.13212752342,0.0001
5309446,6960,7825.0,,,,,,,,63770.45638561249,0.0001
5310287,6961,7950.0,,,,,,,,63780.88608980179,0.0001
5312211,6962,12200.0,,,,,,,,63804.70854663849,0.0001
5313491,6963,7950.0,,,,,,,,63820.63744473457,0.0001
5314893,6964,11600.0,,,,,,,,63837.96700954437,0.0001
5316567,6965,11600.0,,,,,,,,63858.63270521164,0.0001
5317532,6966,8025.0,,,,,,,,63870.569116830826,0.0001
5319269,6967,12125.0,,,,,,,,63892.23028063774,0.0001
5320504,6968,11175.0,,,,,,,,63907.64832472801,0.0001
5321572,6969,11475.0,,,,,,,,63921.03394937515,0.0001
5322255,6970,4375.0,,,,,,,,63929.54164624214,0.0001
5324204,6971,12250.0,,,,,,,,63953.70618772507,0.0001
5325317,6972,11200.0,,,,,,,,63967.56696677208,0.0001
5327041,6973,11550.0,,,,,,,,63988.96568918228,0.0001
5327418,6974,425.0,,,,,,,,63993.683942079544,0.0001
5328791,6975,11500.0,,,,,,,,64010.696145772934,0.0001
5329987,6976,11400.0,,,,,,,,64025.45237159729,0.0001
5331068,6977,11200.0,,,,,,,,64038.795784235,0.0001
5332685,6978,11800.0,,,,,,,,64058.96434831619,0.0001
5334247,6979,12125.0,,,,,,,,64078.29169893265,0.0001
5335430,6980,11350.0,,,,,,,,64092.91541814804,0.0001
5336738,6981,11250.0,,,,,,,,64109.187083005905,0.0001
5338034,6982,8600.0,,,,,,,,64125.31408619881,0.0001
5338667,6983,4200.0,,,,,,,,64133.18120145798,0.0001
5339500,6984,4275.0,,,,,,,,64143.49142456055,0.0001
5340447,6985,7925.0,,,,,,,,64155.259963274,0.0001
5341222,6986,150.0,,,,,,,,64164.92545580864,0.0001
5341621,6987,600.0,,,,,,,,64169.91656422615,0.0001
5342537,6988,4250.0,,,,,,,,64181.38138413429,0.0001
5343881,6989,11475.0,,,,,,,,64198.01052880287,0.0001
5345076,6990,8500.0,,,,,,,,64212.7278676033,0.0001
5345665,6991,350.0,,,,,,,,64220.0764439106,0.0001
5346758,6992,8175.0,,,,,,,,64233.70028209686,0.0001
5348103,6993,11725.0,,,,,,,,64250.37827682495,0.0001
5348796,6994,4200.0,,,,,,,,64258.95103216171,0.0001
5349451,6995,4175.0,,,,,,,,64267.096358537674,0.0001
5350473,6996,8050.0,,,,,,,,64279.79223179817,0.0001
5351310,6997,4400.0,,,,,,,,64290.0720436573,0.0001
5352382,6998,11200.0,,,,,,,,64303.55427980423,0.0001
5353517,6999,8000.0,,,,,,,,64317.81485128403,0.0001
5354877,7000,11300.0,,,,,,,,64334.74934267998,0.0001
5356205,7001,11425.0,,,,,,,,64351.1838517189,0.0001
5357019,7002,4500.0,,,,,,,,64361.302554130554,0.0001
5358113,7003,8025.0,,,,,,,,64374.826209545135,0.0001
5359287,7004,11475.0,,,,,,,,64389.295201301575,0.0001
5361040,7005,11925.0,,,,,,,,64411.154163360596,0.0001
5362279,7006,8075.0,,,,,,,,64426.70202088356,0.0001
5363637,7007,8075.0,,,,,,,,64443.555163145065,0.0001
5364525,7008,4450.0,,,,,,,,64454.59519600868,0.0001
5365404,7009,4525.0,,,,,,,,64465.457961797714,0.0001
5366604,7010,8050.0,,,,,,,,64480.375722169876,0.0001
5367868,7011,11550.0,,,,,,,,64496.123891830444,0.0001
5368970,7012,8075.0,,,,,,,,64509.8789973259,0.0001
5370009,7013,7925.0,,,,,,,,64522.744824171066,0.0001
5372004,7014,15300.0,,,,,,,,64547.42864060402,0.0001
5373580,7015,11625.0,,,,,,,,64566.91525411606,0.0001
5374944,7016,11650.0,,,,,,,,64583.88127660751,0.0001
5376339,7017,11550.0,,,,,,,,64601.275048971176,0.0001
5376762,7018,450.0,,,,,,,,64606.538838386536,0.0001
5378015,7019,11825.0,,,,,,,,64622.11321353912,0.0001
5379067,7020,8050.0,,,,,,,,64635.18008494377,0.0001
5380151,7021,11325.0,,,,,,,,64648.613956689835,0.0001
5381182,7022,4550.0,,,,,,,,64661.442952394485,0.0001
5381834,7023,575.0,,,,,,,,64669.60273718834,0.0001
5382593,7024,4425.0,,,,,,,,64679.08572816849,0.0001
5383714,7025,11225.0,,,,,,,,64693.00590157509,0.0001
5384840,7026,5250.0,,,,,,,,64706.90149497986,0.0001
5386731,7027,8150.0,,,,,,,,64730.437710523605,0.0001
5387626,7028,7700.0,,,,,,,,64741.612875938416,0.0001
5388951,7029,11425.0,,,,,,,,64757.99795174599,0.0001
5389491,7030,825.0,,,,,,,,64764.68089914322,0.0001
5390035,7031,4025.0,,,,,,,,64771.41932272911,0.0001
5391975,7032,12100.0,,,,,,,,64795.32440876961,0.0001
5392529,7033,4025.0,,,,,,,,64802.29216551781,0.0001
5394094,7034,11850.0,,,,,,,,64821.55130434036,0.0001
5395171,7035,4325.0,,,,,,,,64834.9213988781,0.0001
5396120,7036,4525.0,,,,,,,,64846.4105527401,0.0001
5397097,7037,8225.0,,,,,,,,64858.287855386734,0.0001
5398159,7038,4400.0,,,,,,,,64871.476924180984,0.0001
5399302,7039,8050.0,,,,,,,,64885.509169101715,0.0001
5399893,7040,475.0,,,,,,,,64892.82750797272,0.0001
5400833,7041,4475.0,,,,,,,,64904.52838516235,0.0001
5402265,7042,11600.0,,,,,,,,64922.29443860054,0.0001
5403202,7043,8000.0,,,,,,,,64933.8369948864,0.0001
5403959,7044,475.0,,,,,,,,64943.12757539749,0.0001
5405059,7045,11675.0,,,,,,,,64956.48286437988,0.0001
5406408,7046,4075.0,,,,,,,,64973.12141227722,0.0001
5407643,7047,11525.0,,,,,,,,64988.23498106003,0.0001
5408870,7048,11250.0,,,,,,,,65003.35562944412,0.0001
5409883,7049,4825.0,,,,,,,,65015.87238740921,0.0001
5411173,7050,11200.0,,,,,,,,65031.9570441246,0.0001
5412508,7051,11750.0,,,,,,,,65048.40948820114,0.0001
5413493,7052,7950.0,,,,,,,,65060.57470846176,0.0001
5414425,7053,7900.0,,,,,,,,65072.034769535065,0.0001
5415720,7054,11450.0,,,,,,,,65088.105894088745,0.0001
5417138,7055,11500.0,,,,,,,,65105.550369262695,0.0001
5418536,7056,11525.0,,,,,,,,65122.780675172806,0.0001
5419377,7057,4425.0,,,,,,,,65133.246031045914,0.0001
5420006,7058,4225.0,,,,,,,,65141.084565877914,0.0001
5421120,7059,11200.0,,,,,,,,65154.850801706314,0.0001
5421785,7060,4225.0,,,,,,,,65163.1219959259,0.0001
5423028,7061,8125.0,,,,,,,,65178.4870967865,0.0001
5424251,7062,11275.0,,,,,,,,65193.55478978157,0.0001
5425076,7063,4425.0,,,,,,,,65203.768463134766,0.0001
5425850,7064,7900.0,,,,,,,,65213.317922353745,0.0001
5427066,7065,4925.0,,,,,,,,65228.36668419838,0.0001
5427958,7066,4250.0,,,,,,,,65239.44367599487,0.0001
5429483,7067,11875.0,,,,,,,,65258.14637827873,0.0001
5430622,7068,4300.0,,,,,,,,65272.313078165054,0.0001
5431293,7069,4050.0,,,,,,,,65280.693757772446,0.0001
5432649,7070,11375.0,,,,,,,,65297.50905561447,0.0001
5433263,7071,4325.0,,,,,,,,65305.15804862976,0.0001
5433693,7072,675.0,,,,,,,,65310.53300237656,0.0001
5434543,7073,4475.0,,,,,,,,65321.11922001839,0.0001
5435224,7074,500.0,,,,,,,,65329.59890079498,0.0001
5435803,7075,4075.0,,,,,,,,65336.83247756958,0.0001
5436553,7076,500.0,,,,,,,,65346.200644254684,0.0001
5438184,7077,12450.0,,,,,,,,65366.33990740776,0.0001
5438746,7078,225.0,,,,,,,,65373.34955525398,0.0001
5440230,7079,11350.0,,,,,,,,65391.801126241684,0.0001
5440965,7080,7600.0,,,,,,,,65400.88550949097,0.0001
5442094,7081,8100.0,,,,,,,,65414.82802248001,0.0001
5443189,7082,7850.0,,,,,,,,65428.37797164917,0.0001
5444325,7083,7975.0,,,,,,,,65442.40309882164,0.0001
5445971,7084,11600.0,,,,,,,,65462.80465579033,0.0001
5447270,7085,4600.0,,,,,,,,65478.831939935684,0.0001
5448708,7086,11475.0,,,,,,,,65496.211124658585,0.0001
5449724,7087,8050.0,,,,,,,,65508.57591509819,0.0001
5451085,7088,8075.0,,,,,,,,65525.03460812569,0.0001
5452181,7089,7850.0,,,,,,,,65538.35169768333,0.0001
5453326,7090,7925.0,,,,,,,,65552.39557695389,0.0001
5454776,7091,11625.0,,,,,,,,65570.19741344452,0.0001
5456002,7092,11475.0,,,,,,,,65585.0347545147,0.0001
5457102,7093,7950.0,,,,,,,,65598.54519963264,0.0001
5458470,7094,8375.0,,,,,,,,65615.3366818428,0.0001
5458995,7095,650.0,,,,,,,,65621.86688446999,0.0001
5459954,7096,7775.0,,,,,,,,65633.65729188919,0.0001
5461352,7097,12100.0,,,,,,,,65650.86111998558,0.0001
5462949,7098,11625.0,,,,,,,,65670.65042757988,0.0001
5464014,7099,7850.0,,,,,,,,65683.52053403854,0.0001
5465012,7100,8025.0,,,,,,,,65695.59513115883,0.0001
5466271,7101,11400.0,,,,,,,,65710.813331604,0.0001
5467393,7102,8025.0,,,,,,,,65724.4188451767,0.0001
5468594,7103,11425.0,,,,,,,,65739.06024384499,0.0001
5469733,7104,11325.0,,,,,,,,65753.12265396118,0.0001
5470803,7105,8050.0,,,,,,,,65766.37853956223,0.0001
5471980,7106,8025.0,,,,,,,,65780.94851851463,0.0001
5472837,7107,7725.0,,,,,,,,65791.47974562645,0.0001
5474342,7108,11650.0,,,,,,,,65809.97887802124,0.0001
5476096,7109,12125.0,,,,,,,,65831.47777104378,0.0001
5476956,7110,4375.0,,,,,,,,65842.10554265976,0.0001
5478323,7111,11525.0,,,,,,,,65859.00326180458,0.0001
5479771,7112,11475.0,,,,,,,,65876.90808534622,0.0001
5481336,7113,11525.0,,,,,,,,65896.26895952225,0.0001
5482621,7114,12025.0,,,,,,,,65912.12935519218,0.0001
5483607,7115,11350.0,,,,,,,,65924.33840155602,0.0001
5484546,7116,4400.0,,,,,,,,65936.01352739334,0.0001
5485830,7117,11450.0,,,,,,,,65951.89801430702,0.0001
5486535,7118,325.0,,,,,,,,65960.69035100937,0.0001
5488605,7119,12200.0,,,,,,,,65986.3963880539,0.0001
5489350,7120,4225.0,,,,,,,,65995.67127346992,0.0001
5490423,7121,8050.0,,,,,,,,66008.96926379204,0.0001
5491270,7122,7950.0,,,,,,,,66019.4215631485,0.0001
5492469,7123,11400.0,,,,,,,,66034.36223816872,0.0001
5493161,7124,4425.0,,,,,,,,66042.89255785942,0.0001
5494678,7125,11600.0,,,,,,,,66061.60409808159,0.0001
5496198,7126,11875.0,,,,,,,,66080.29418849945,0.0001
5496865,7127,800.0,,,,,,,,66088.5892572403,0.0001
5497689,7128,4300.0,,,,,,,,66098.85557126999,0.0001
5498466,7129,4500.0,,,,,,,,66108.45373678207,0.0001
5499432,7130,8025.0,,,,,,,,66120.2096414566,0.0001
5500538,7131,8450.0,,,,,,,,66133.89028644562,0.0001
5502132,7132,11575.0,,,,,,,,66153.5705780983,0.0001
5503405,7133,11550.0,,,,,,,,66169.22964692116,0.0001
5504451,7134,7975.0,,,,,,,,66181.8890118599,0.0001
5506378,7135,11625.0,,,,,,,,66205.633061409,0.0001
5507704,7136,8175.0,,,,,,,,66221.99491739273,0.0001
5509323,7137,12050.0,,,,,,,,66241.5855948925,0.0001
5510551,7138,8175.0,,,,,,,,66256.70196676254,0.0001
5511663,7139,4450.0,,,,,,,,66270.53168487549,0.0001
5513185,7140,8175.0,,,,,,,,66289.37191605568,0.0001
5514594,7141,11550.0,,,,,,,,66306.73826551437,0.0001
5516129,7142,11700.0,,,,,,,,66325.84573960304,0.0001
5517372,7143,8050.0,,,,,,,,66341.19997358322,0.0001
5519016,7144,11475.0,,,,,,,,66361.4881362915,0.0001
5520885,7145,12550.0,,,,,,,,66384.52589607239,0.0001
5521801,7146,4475.0,,,,,,,,66395.87972283363,0.0001
5523098,7147,11925.0,,,,,,,,66411.86952018738,0.0001
5524166,7148,7800.0,,,,,,,,66425.18755316734,0.0001
5525454,7149,11425.0,,,,,,,,66441.09865808487,0.0001
5526714,7150,11375.0,,,,,,,,66456.77171707153,0.0001
5528551,7151,12650.0,,,,,,,,66479.50694561005,0.0001
5529958,7152,11475.0,,,,,,,,66497.04986548424,0.0001
5531069,7153,11275.0,,,,,,,,66510.90694522858,0.0001
5532841,7154,11525.0,,,,,,,,66532.88141918182,0.0001
5534233,7155,11550.0,,,,,,,,66550.03062796593,0.0001
5535979,7156,11950.0,,,,,,,,66571.56741905212,0.0001
5537294,7157,11475.0,,,,,,,,66587.85023283958,0.0001
5538730,7158,11500.0,,,,,,,,66605.66574048996,0.0001
5540269,7159,11700.0,,,,,,,,66624.6856212616,0.0001
5541690,7160,11500.0,,,,,,,,66642.25779652596,0.0001
5543069,7161,11475.0,,,,,,,,66659.34190917015,0.0001
5543862,7162,4475.0,,,,,,,,66669.17484307289,0.0001
5545021,7163,7875.0,,,,,,,,66683.55568552017,0.0001
5546605,7164,12675.0,,,,,,,,66703.13839530945,0.0001
5547815,7165,11400.0,,,,,,,,66718.0616505146,0.0001
5548859,7166,11350.0,,,,,,,,66730.92641854286,0.0001
5550070,7167,11475.0,,,,,,,,66745.65010595322,0.0001
5551294,7168,11500.0,,,,,,,,66760.58620381355,0.0001
5551877,7169,575.0,,,,,,,,66767.84724974632,0.0001
5552718,7170,7800.0,,,,,,,,66778.33210754395,0.0001
5553326,7171,325.0,,,,,,,,66785.83642959595,0.0001
5554731,7172,11325.0,,,,,,,,66803.0802435875,0.0001
5555622,7173,4200.0,,,,,,,,66813.98092126846,0.0001
5556475,7174,4275.0,,,,,,,,66824.34230947495,0.0001
5557527,7175,4850.0,,,,,,,,66837.24642586708,0.0001
5558347,7176,4225.0,,,,,,,,66847.34646844864,0.0001
5559430,7177,3975.0,,,,,,,,66860.68738555908,0.0001
5560568,7178,7925.0,,,,,,,,66874.4924685955,0.0001
5560935,7179,175.0,,,,,,,,66879.04204201698,0.0001
5561985,7180,8050.0,,,,,,,,66891.9380812645,0.0001
5562751,7181,4550.0,,,,,,,,66901.40239262581,0.0001
5563928,7182,8050.0,,,,,,,,66915.97510528564,0.0001
5564505,7183,525.0,,,,,,,,66923.1526067257,0.0001
5565192,7184,4400.0,,,,,,,,66931.55207777023,0.0001
5566456,7185,11900.0,,,,,,,,66947.09946918488,0.0001
5567781,7186,11475.0,,,,,,,,66963.58641219139,0.0001
5569154,7187,11875.0,,,,,,,,66980.48792910576,0.0001
5570471,7188,11375.0,,,,,,,,66996.74288105965,0.0001
5572111,7189,11600.0,,,,,,,,67017.08074450493,0.0001
5573434,7190,11850.0,,,,,,,,67033.53621840477,0.0001
5574880,7191,11450.0,,,,,,,,67051.23572564125,0.0001
5576237,7192,8050.0,,,,,,,,67068.10391688347,0.0001
5578266,7193,12175.0,,,,,,,,67092.94055962563,0.0001
5579472,7194,11350.0,,,,,,,,67107.8707447052,0.0001
5580829,7195,8100.0,,,,,,,,67124.76295185089,0.0001
5581782,7196,4525.0,,,,,,,,67136.68888640404,0.0001
5583276,7197,12025.0,,,,,,,,67155.13656139374,0.0001
5584011,7198,3925.0,,,,,,,,67164.22977018356,0.0001
5585148,7199,8125.0,,,,,,,,67178.31332659721,0.0001
5586836,7200,11750.0,,,,,,,,67199.18239450455,0.0001
5588466,7201,11650.0,,,,,,,,67219.25395560265,0.0001
5589441,7202,8025.0,,,,,,,,67231.43492102623,0.0001
5590297,7203,500.0,,,,,,,,67242.0942363739,0.0001
5591929,7204,12100.0,,,,,,,,67262.41094899178,0.0001
5593302,7205,11550.0,,,,,,,,67279.36241579056,0.0001
5594779,7206,11600.0,,,,,,,,67297.64845943451,0.0001
5596039,7207,7925.0,,,,,,,,67313.20174336433,0.0001
5597754,7208,11750.0,,,,,,,,67334.48094558716,0.0001
5598181,7209,225.0,,,,,,,,67339.78610038757,0.0001
5600068,7210,15400.0,,,,,,,,67363.08598470688,0.0001
5601628,7211,11675.0,,,,,,,,67382.33874440193,0.0001
5602831,7212,11425.0,,,,,,,,67397.22631502151,0.0001
5604737,7213,15950.0,,,,,,,,67420.63781237602,0.0001
5605646,7214,7975.0,,,,,,,,67431.81345748901,0.0001
5606599,7215,4325.0,,,,,,,,67443.63450622559,0.0001
5607627,7216,4375.0,,,,,,,,67456.34318304062,0.0001
5608759,7217,8050.0,,,,,,,,67470.43404173851,0.0001
5609986,7218,11575.0,,,,,,,,67485.6503727436,0.0001
5611183,7219,11550.0,,,,,,,,67500.39453554153,0.0001
5612537,7220,11375.0,,,,,,,,67517.20549964905,0.0001
5614090,7221,11975.0,,,,,,,,67536.38395547867,0.0001
5615557,7222,11525.0,,,,,,,,67554.57936668396,0.0001
5616501,7223,4825.0,,,,,,,,67566.24873185158,0.0001
5617553,7224,11425.0,,,,,,,,67579.30020666122,0.0001
5619411,7225,11625.0,,,,,,,,67602.29443717003,0.0001
5620989,7226,11775.0,,,,,,,,67621.46715092659,0.0001
5621545,7227,500.0,,,,,,,,67628.26224589348,0.0001
5622412,7228,7750.0,,,,,,,,67638.70793914795,0.0001
5623909,7229,11700.0,,,,,,,,67656.77419805527,0.0001
5624459,7230,625.0,,,,,,,,67663.50744175911,0.0001
5625046,7231,4275.0,,,,,,,,67670.67384576797,0.0001
5625960,7232,7950.0,,,,,,,,67681.72330522537,0.0001
5626616,7233,600.0,,,,,,,,67689.6848449707,0.0001
5628354,7234,11525.0,,,,,,,,67710.72701144218,0.0001
5629610,7235,11625.0,,,,,,,,67725.94765114784,0.0001
5630425,7236,4450.0,,,,,,,,67735.7744011879,0.0001
5631874,7237,11625.0,,,,,,,,67753.30957198143,0.0001
5633153,7238,11575.0,,,,,,,,67768.78270125389,0.0001
5634207,7239,7800.0,,,,,,,,67781.50842308998,0.0001
5634973,7240,550.0,,,,,,,,67791.00749158859,0.0001
5636849,7241,12400.0,,,,,,,,67814.19675588608,0.0001
5638244,7242,11575.0,,,,,,,,67831.43604588509,0.0001
5640036,7243,11550.0,,,,,,,,67853.58373999596,0.0001
5641935,7244,12275.0,,,,,,,,67877.12086772919,0.0001
5643074,7245,11675.0,,,,,,,,67891.09408140182,0.0001
5644560,7246,11650.0,,,,,,,,67909.49663162231,0.0001
5646664,7247,12225.0,,,,,,,,67935.53965878487,0.0001
5648053,7248,11450.0,,,,,,,,67952.73614811897,0.0001
5649320,7249,8050.0,,,,,,,,67968.4002790451,0.0001
5650402,7250,7950.0,,,,,,,,67981.77536773682,0.0001
5651194,7251,800.0,,,,,,,,67991.64300060272,0.0001
5652595,7252,11575.0,,,,,,,,68008.99201726913,0.0001
5654130,7253,11650.0,,,,,,,,68028.09882187843,0.0001
5655020,7254,7725.0,,,,,,,,68039.13190603256,0.0001
5656746,7255,11650.0,,,,,,,,68060.52674388885,0.0001
5658436,7256,12075.0,,,,,,,,68081.39009404182,0.0001
5659940,7257,11800.0,,,,,,,,68099.96566748619,0.0001
5661726,7258,11725.0,,,,,,,,68122.0664229393,0.0001
5662693,7259,8625.0,,,,,,,,68133.96937537193,0.0001
5663372,7260,4375.0,,,,,,,,68142.45476698875,0.0001
5663817,7261,650.0,,,,,,,,68148.0525329113,0.0001
5664825,7262,4275.0,,,,,,,,68160.6011660099,0.0001
5666383,7263,11925.0,,,,,,,,68179.8738451004,0.0001
5667421,7264,8125.0,,,,,,,,68192.75449371338,0.0001
5668578,7265,8175.0,,,,,,,,68207.07713413239,0.0001
5669152,7266,625.0,,,,,,,,68214.22713255882,0.0001
5670321,7267,11425.0,,,,,,,,68228.80555176735,0.0001
5670970,7268,4250.0,,,,,,,,68236.922778368,0.0001
5671775,7269,4525.0,,,,,,,,68246.9999806881,0.0001
5672568,7270,7575.0,,,,,,,,68256.82719445229,0.0001
5674113,7271,11800.0,,,,,,,,68276.00138115883,0.0001
5675921,7272,12525.0,,,,,,,,68298.35593795776,0.0001
5676951,7273,4475.0,,,,,,,,68311.10726451874,0.0001
5678568,7274,11675.0,,,,,,,,68331.1060552597,0.0001
5679500,7275,7975.0,,,,,,,,68342.63536190987,0.0001
5680690,7276,8475.0,,,,,,,,68357.45923638344,0.0001
5682437,7277,12175.0,,,,,,,,68379.16149067879,0.0001
5684351,7278,12200.0,,,,,,,,68402.76602101326,0.0001
5686229,7279,11750.0,,,,,,,,68425.94211626053,0.0001
5687956,7280,11625.0,,,,,,,,68447.04635882378,0.0001
5689585,7281,12200.0,,,,,,,,68466.83007955551,0.0001
5690207,7282,4200.0,,,,,,,,68474.35491228104,0.0001
5692341,7283,12575.0,,,,,,,,68500.10296082497,0.0001
5693889,7284,11650.0,,,,,,,,68518.81217503548,0.0001
5695271,7285,11600.0,,,,,,,,68535.48753166199,0.0001
5696234,7286,4350.0,,,,,,,,68547.1703517437,0.0001
5697408,7287,8475.0,,,,,,,,68561.42187905312,0.0001
5698880,7288,11600.0,,,,,,,,68579.27172327042,0.0001
5700464,7289,14950.0,,,,,,,,68598.467192173,0.0001
5701842,7290,11650.0,,,,,,,,68615.18576478958,0.0001
5702594,7291,675.0,,,,,,,,68624.2923939228,0.0001
5704385,7292,15400.0,,,,,,,,68646.04199743271,0.0001
5705120,7293,4400.0,,,,,,,,68654.94676446915,0.0001
5705859,7294,4375.0,,,,,,,,68663.92096972466,0.0001
5707620,7295,11500.0,,,,,,,,68685.19501519203,0.0001
5708774,7296,8000.0,,,,,,,,68699.34253907204,0.0001
5710164,7297,11400.0,,,,,,,,68716.51852369308,0.0001
5711425,7298,11500.0,,,,,,,,68732.16847205162,0.0001
5712504,7299,4425.0,,,,,,,,68745.55815720558,0.0001
5712865,7300,275.0,,,,,,,,68750.11174964905,0.0001
5714282,7301,11975.0,,,,,,,,68767.62244772911,0.0001
5715811,7302,8825.0,,,,,,,,68786.10219478607,0.0001
5716211,7303,200.0,,,,,,,,68791.06071662903,0.0001
5717487,7304,11300.0,,,,,,,,68806.5293841362,0.0001
5718720,7305,7925.0,,,,,,,,68821.47589850426,0.0001
5720367,7306,11900.0,,,,,,,,68841.32600140572,0.0001
5721166,7307,650.0,,,,,,,,68851.0784111023,0.0001
5721611,7308,625.0,,,,,,,,68856.66494107246,0.0001
5722986,7309,8050.0,,,,,,,,68873.66118693352,0.0001
5724244,7310,11625.0,,,,,,,,68889.03885245323,0.0001
5725101,7311,4250.0,,,,,,,,68899.50376939774,0.0001
5726869,7312,12100.0,,,,,,,,68921.0927426815,0.0001
5728458,7313,11575.0,,,,,,,,68940.49010205269,0.0001
5728831,7314,700.0,,,,,,,,68945.03514027596,0.0001
5729825,7315,7975.0,,,,,,,,68957.15735888481,0.0001
5731096,7316,11375.0,,,,,,,,68972.53479409218,0.0001
5731782,7317,4150.0,,,,,,,,68980.99846434593,0.0001
5733709,7318,12500.0,,,,,,,,69004.98852705956,0.0001
5734655,7319,8000.0,,,,,,,,69016.70803451538,0.0001
5736272,7320,11675.0,,,,,,,,69036.85717129707,0.0001
5737125,7321,7900.0,,,,,,,,69047.48588109016,0.0001
5739104,7322,11875.0,,,,,,,,69071.84088730812,0.0001
5740157,7323,4300.0,,,,,,,,69084.88645982742,0.0001
5741672,7324,11600.0,,,,,,,,69103.73282003403,0.0001
5743612,7325,12325.0,,,,,,,,69127.74019384384,0.0001
5745437,7326,12100.0,,,,,,,,69150.23113274574,0.0001
5746468,7327,11550.0,,,,,,,,69162.98316287994,0.0001
5747734,7328,11575.0,,,,,,,,69178.71859455109,0.0001
5749607,7329,12950.0,,,,,,,,69201.91648936272,0.0001
5750690,7330,11400.0,,,,,,,,69215.3906018734,0.0001
5751324,7331,4300.0,,,,,,,,69223.25561356544,0.0001
5753370,7332,11850.0,,,,,,,,69248.6199183464,0.0001
5754739,7333,11450.0,,,,,,,,69265.54572296143,0.0001
5755978,7334,8175.0,,,,,,,,69280.94537687302,0.0001
5758118,7335,12675.0,,,,,,,,69307.64648652077,0.0001
5758944,7336,7600.0,,,,,,,,69317.85855174065,0.0001
5759522,7337,4225.0,,,,,,,,69324.92593717575,0.0001
5761498,7338,11750.0,,,,,,,,69349.3088581562,0.0001
5762773,7339,11450.0,,,,,,,,69365.11955022812,0.0001
5763889,7340,8025.0,,,,,,,,69378.95815610886,0.0001
5765133,7341,11450.0,,,,,,,,69394.26271080971,0.0001
5766578,7342,11600.0,,,,,,,,69412.10867977142,0.0001
5767564,7343,7750.0,,,,,,,,69424.25197839737,0.0001
5768198,7344,3850.0,,,,,,,,69432.13324141502,0.0001
5769087,7345,4050.0,,,,,,,,69443.09873604774,0.0001
5770012,7346,4375.0,,,,,,,,69454.6107571125,0.0001
5771200,7347,11875.0,,,,,,,,69469.25023388863,0.0001
5772504,7348,11650.0,,,,,,,,69485.4589715004,0.0001
5773421,7349,4375.0,,,,,,,,69496.91609120369,0.0001
5773801,7350,250.0,,,,,,,,69501.63638496399,0.0001
5775134,7351,8075.0,,,,,,,,69518.12895798683,0.0001
5776611,7352,11700.0,,,,,,,,69536.31783795357,0.0001
5778008,7353,11975.0,,,,,,,,69553.465290308,0.0001
5779051,7354,11250.0,,,,,,,,69566.45105409622,0.0001
5780139,7355,8050.0,,,,,,,,69579.91406750679,0.0001
5781366,7356,8075.0,,,,,,,,69595.0433523655,0.0001
5783282,7357,12200.0,,,,,,,,69618.64931058884,0.0001
5784838,7358,12175.0,,,,,,,,69637.96847128868,0.0001
5785384,7359,4000.0,,,,,,,,69644.75486803055,0.0001
5786848,7360,11900.0,,,,,,,,69662.86524128914,0.0001
5788174,7361,8025.0,,,,,,,,69679.22366547585,0.0001
5790352,7362,13050.0,,,,,,,,69706.07650876045,0.0001
5791135,7363,4500.0,,,,,,,,69715.83854985237,0.0001
5792476,7364,8000.0,,,,,,,,69732.47585487366,0.0001
5793356,7365,4400.0,,,,,,,,69743.33379435539,0.0001
5794392,7366,8025.0,,,,,,,,69756.14851808548,0.0001
5795728,7367,8050.0,,,,,,,,69772.70993804932,0.0001
5796561,7368,7775.0,,,,,,,,69783.08788728714,0.0001
5797300,7369,3925.0,,,,,,,,69792.27013778687,0.0001
5798548,7370,11800.0,,,,,,,,69807.82419157028,0.0001
5800558,7371,11625.0,,,,,,,,69832.84076023102,0.0001
5801891,7372,8200.0,,,,,,,,69849.32676625252,0.0001
5803334,7373,11600.0,,,,,,,,69867.25566267967,0.0001
5804615,7374,8525.0,,,,,,,,69883.18697881699,0.0001
5805958,7375,11900.0,,,,,,,,69899.81937479973,0.0001
5807352,7376,11375.0,,,,,,,,69917.11312961578,0.0001
5809021,7377,12600.0,,,,,,,,69937.77056789398,0.0001
5810484,7378,12075.0,,,,,,,,69955.9401948452,0.0001
5811545,7379,7825.0,,,,,,,,69969.1581954956,0.0001
5813064,7380,11575.0,,,,,,,,69987.94368553162,0.0001
5814587,7381,15375.0,,,,,,,,70006.79458665848,0.0001
5814971,7382,800.0,,,,,,,,70011.5807723999,0.0001
5815802,7383,7900.0,,,,,,,,70021.91738510132,0.0001
5817096,7384,8100.0,,,,,,,,70037.95529532433,0.0001
5817757,7385,4400.0,,,,,,,,70046.22586989403,0.0001
5819013,7386,8100.0,,,,,,,,70061.7764647007,0.0001
5820643,7387,11525.0,,,,,,,,70081.83237242699,0.0001
5821334,7388,4400.0,,,,,,,,70090.40600585938,0.0001
5822757,7389,11700.0,,,,,,,,70108.01533198357,0.0001
5824191,7390,11375.0,,,,,,,,70125.76768565178,0.0001
5825813,7391,11750.0,,,,,,,,70145.76479649544,0.0001
5826636,7392,7600.0,,,,,,,,70155.93703198433,0.0001
5827601,7393,7875.0,,,,,,,,70167.91826605797,0.0001
5828424,7394,4475.0,,,,,,,,70178.16795730591,0.0001
5829042,7395,3925.0,,,,,,,,70185.86022615433,0.0001
5830478,7396,8075.0,,,,,,,,70203.64336919785,0.0001
5831657,7397,11325.0,,,,,,,,70218.31679844856,0.0001
5832465,7398,4175.0,,,,,,,,70228.34633278847,0.0001
5833431,7399,8200.0,,,,,,,,70240.34189367294,0.0001
5835109,7400,11625.0,,,,,,,,70261.27529096603,0.0001
5836144,7401,525.0,,,,,,,,70274.14912891388,0.0001
5836931,7402,4500.0,,,,,,,,70283.98597383499,0.0001
5837678,7403,175.0,,,,,,,,70293.26089406013,0.0001
5839143,7404,8450.0,,,,,,,,70311.46540307999,0.0001
5840353,7405,11325.0,,,,,,,,70326.44098591805,0.0001
5841067,7406,4250.0,,,,,,,,70335.317953825,0.0001
5842570,7407,11525.0,,,,,,,,70353.8937227726,0.0001
5843719,7408,11550.0,,,,,,,,70368.12741994858,0.0001
5844898,7409,8050.0,,,,,,,,70382.72771167755,0.0001
5846282,7410,12250.0,,,,,,,,70399.86607956886,0.0001
5847268,7411,8000.0,,,,,,,,70411.9952082634,0.0001
5848536,7412,11650.0,,,,,,,,70427.77603673935,0.0001
5850022,7413,11625.0,,,,,,,,70446.22532653809,0.0001
5850871,7414,7825.0,,,,,,,,70456.74314856529,0.0001
5852118,7415,8175.0,,,,,,,,70472.18735456467,0.0001
5853628,7416,8500.0,,,,,,,,70490.85936784744,0.0001
5855001,7417,11850.0,,,,,,,,70507.87082099915,0.0001
5855864,7418,8050.0,,,,,,,,70518.55737018585,0.0001
5856317,7419,200.0,,,,,,,,70524.21050691605,0.0001
5857828,7420,11700.0,,,,,,,,70542.95559453964,0.0001
5859293,7421,11475.0,,,,,,,,70561.15130805969,0.0001
5861000,7422,11775.0,,,,,,,,70582.25890827179,0.0001
5862503,7423,11975.0,,,,,,,,70601.1036491394,0.0001
5863894,7424,9125.0,,,,,,,,70618.47137093544,0.0001
5864982,7425,7950.0,,,,,,,,70632.1408996582,0.0001
5867070,7426,12650.0,,,,,,,,70658.12169575691,0.0001
5867890,7427,4200.0,,,,,,,,70668.26069688797,0.0001
5868638,7428,4250.0,,,,,,,,70677.70461392403,0.0001
5869871,7429,8025.0,,,,,,,,70693.12306022644,0.0001
5871419,7430,11625.0,,,,,,,,70712.58803462982,0.0001
5872201,7431,4325.0,,,,,,,,70722.33539700508,0.0001
5873533,7432,11600.0,,,,,,,,70739.06923770905,0.0001
5875463,7433,11700.0,,,,,,,,70763.26381134987,0.0001
5877627,7434,11800.0,,,,,,,,70790.28868222237,0.0001
5878261,7435,125.0,,,,,,,,70798.29467201233,0.0001
5879646,7436,8600.0,,,,,,,,70815.55146479607,0.0001
5880680,7437,7950.0,,,,,,,,70828.28571033478,0.0001
5882259,7438,11675.0,,,,,,,,70847.8940858841,0.0001
5883584,7439,11775.0,,,,,,,,70864.25012397766,0.0001
5884968,7440,11575.0,,,,,,,,70881.25788140297,0.0001
5886342,7441,11625.0,,,,,,,,70898.27221894264,0.0001
5887424,7442,8150.0,,,,,,,,70911.70833778381,0.0001
5888953,7443,11700.0,,,,,,,,70930.63605332375,0.0001
5890002,7444,8050.0,,,,,,,,70943.52688550949,0.0001
5890953,7445,4125.0,,,,,,,,70955.30961322784,0.0001
5891479,7446,375.0,,,,,,,,70961.83570599556,0.0001
5892754,7447,11625.0,,,,,,,,70977.55872750282,0.0001
5894309,7448,11600.0,,,,,,,,70996.71796703339,0.0001
5896244,7449,12300.0,,,,,,,,71020.46056628227,0.0001
5896922,7450,4425.0,,,,,,,,71028.88814210892,0.0001
5897966,7451,8400.0,,,,,,,,71041.76326751709,0.0001
5899184,7452,8250.0,,,,,,,,71056.80477547646,0.0001
5899933,7453,7625.0,,,,,,,,71066.26259541512,0.0001
5901552,7454,11775.0,,,,,,,,71086.30397796631,0.0001
5902519,7455,4975.0,,,,,,,,71098.29672861099,0.0001
5903910,7456,11450.0,,,,,,,,71115.51873087883,0.0001
5905546,7457,11650.0,,,,,,,,71135.83961510658,0.0001
5906230,7458,400.0,,,,,,,,71144.5282804966,0.0001
5907543,7459,8575.0,,,,,,,,71160.54706311226,0.0001
5909220,7460,11600.0,,,,,,,,71181.16549825668,0.0001
5910962,7461,12575.0,,,,,,,,71202.68249940872,0.0001
5912028,7462,4400.0,,,,,,,,71216.03122401237,0.0001
5913086,7463,8075.0,,,,,,,,71229.13263463974,0.0001
5914086,7464,4350.0,,,,,,,,71241.52410149574,0.0001
5914894,7465,4450.0,,,,,,,,71251.57212591171,0.0001
5916143,7466,11525.0,,,,,,,,71267.04189348221,0.0001
5917994,7467,12275.0,,,,,,,,71289.9453933239,0.0001
5919469,7468,11650.0,,,,,,,,71308.1219792366,0.0001
5920048,7469,4200.0,,,,,,,,71315.2953004837,0.0001
5921340,7470,11250.0,,,,,,,,71331.3110909462,0.0001
5922009,7471,4425.0,,,,,,,,71339.59020709991,0.0001
5923868,7472,11700.0,,,,,,,,71362.3623521328,0.0001
5925193,7473,12000.0,,,,,,,,71378.81180238724,0.0001
5926114,7474,8450.0,,,,,,,,71390.24107718468,0.0001
5927134,7475,8000.0,,,,,,,,71402.8727388382,0.0001
5928274,7476,8600.0,,,,,,,,71416.96050739288,0.0001
5929599,7477,8650.0,,,,,,,,71433.31431341171,0.0001
5931278,7478,11650.0,,,,,,,,71454.19396471977,0.0001
5932200,7479,4400.0,,,,,,,,71465.60619139671,0.0001
5933690,7480,12125.0,,,,,,,,71483.96862983704,0.0001
5934247,7481,4175.0,,,,,,,,71490.88662433624,0.0001
5934800,7482,4175.0,,,,,,,,71497.76307153702,0.0001
5935919,7483,8500.0,,,,,,,,71511.64367675781,0.0001
5937336,7484,11600.0,,,,,,,,71529.31150245667,0.0001
5938528,7485,4775.0,,,,,,,,71544.09244966507,0.0001
5939483,7486,7975.0,,,,,,,,71555.97186112404,0.0001
5940883,7487,11475.0,,,,,,,,71573.27348685265,0.0001
5941553,7488,4425.0,,,,,,,,71581.56692838669,0.0001
5943188,7489,11500.0,,,,,,,,71601.79859137535,0.0001
5944253,7490,8050.0,,,,,,,,71615.23961186409,0.0001
5945557,7491,11525.0,,,,,,,,71631.33376479149,0.0001
5946135,7492,4200.0,,,,,,,,71638.56734251976,0.0001
5946905,7493,4200.0,,,,,,,,71648.08880758286,0.0001
5947316,7494,225.0,,,,,,,,71653.14394259453,0.0001
5947691,7495,200.0,,,,,,,,71657.83045506477,0.0001
5948176,7496,425.0,,,,,,,,71663.891654253,0.0001
5949161,7497,1275.0,,,,,,,,71676.18511033058,0.0001
5950339,7498,8200.0,,,,,,,,71690.76196932793,0.0001
5950884,7499,4075.0,,,,,,,,71697.54538440704,0.0001
5951806,7500,7950.0,,,,,,,,71709.05561065674,0.0001
5952957,7501,11400.0,,,,,,,,71723.33915567398,0.0001
5954599,7502,11675.0,,,,,,,,71743.58549976349,0.0001
5956137,7503,11525.0,,,,,,,,71762.63414502144,0.0001
5956988,7504,4500.0,,,,,,,,71773.19021892548,0.0001
5958248,7505,11575.0,,,,,,,,71788.77240538597,0.0001
5959659,7506,11425.0,,,,,,,,71806.15432786942,0.0001
5961062,7507,11625.0,,,,,,,,71823.46905589104,0.0001
5962266,7508,11475.0,,,,,,,,71838.49364089966,0.0001
5963542,7509,11600.0,,,,,,,,71854.30110692978,0.0001
5964955,7510,11650.0,,,,,,,,71871.73823785782,0.0001
5966746,7511,11375.0,,,,,,,,71893.94042873383,0.0001
5968287,7512,11575.0,,,,,,,,71912.92127943039,0.0001
5969671,7513,11575.0,,,,,,,,71930.01753973961,0.0001
5971385,7514,14875.0,,,,,,,,71951.23130607605,0.0001
5972497,7515,7975.0,,,,,,,,71965.00031781197,0.0001
5974023,7516,11525.0,,,,,,,,71983.83999824524,0.0001
5974856,7517,300.0,,,,,,,,71994.14245891571,0.0001
5976949,7518,12200.0,,,,,,,,72020.06171393394,0.0001
5977861,7519,375.0,,,,,,,,72031.33414506912,0.0001
5978481,7520,4300.0,,,,,,,,72039.01339530945,0.0001
5980322,7521,11625.0,,,,,,,,72061.7902534008,0.0001
5982073,7522,11700.0,,,,,,,,72083.36696457863,0.0001
5982949,7523,4350.0,,,,,,,,72094.18851327896,0.0001
5983350,7524,650.0,,,,,,,,72099.20731258392,0.0001
5984079,7525,450.0,,,,,,,,72108.2409465313,0.0001
5985847,7526,12950.0,,,,,,,,72130.18925213814,0.0001
5987102,7527,8175.0,,,,,,,,72145.74002885818,0.0001
5989076,7528,11675.0,,,,,,,,72170.10042142868,0.0001
5991147,7529,11975.0,,,,,,,,72195.5879547596,0.0001
5992600,7530,11450.0,,,,,,,,72213.55481100082,0.0001
5993792,7531,7850.0,,,,,,,,72228.29193735123,0.0001
5995662,7532,11875.0,,,,,,,,72251.28182864189,0.0001
5997924,7533,12325.0,,,,,,,,72279.12182188034,0.0001
5998880,7534,8175.0,,,,,,,,72291.03078651428,0.0001
6001220,7535,11575.0,,,,,,,,72320.00993919373,0.0001
6002697,7536,11675.0,,,,,,,,72338.3498287201,0.0001
6003985,7537,11575.0,,,,,,,,72354.30366134644,0.0001
6005148,7538,8025.0,,,,,,,,72368.72320580482,0.0001
6006072,7539,8000.0,,,,,,,,72380.19290399551,0.0001
6007130,7540,11450.0,,,,,,,,72393.33423471451,0.0001
6008059,7541,8100.0,,,,,,,,72404.8468785286,0.0001
6008766,7542,900.0,,,,,,,,72413.746250391,0.0001
6010237,7543,11575.0,,,,,,,,72432.04651618004,0.0001
6012160,7544,12250.0,,,,,,,,72455.81441307068,0.0001
6013454,7545,8400.0,,,,,,,,72471.83188843727,0.0001
6014897,7546,11425.0,,,,,,,,72489.68413901329,0.0001
6016658,7547,11950.0,,,,,,,,72511.36442732811,0.0001
6017514,7548,475.0,,,,,,,,72521.93833780289,0.0001
6019029,7549,11475.0,,,,,,,,72540.64333415031,0.0001
6019954,7550,4050.0,,,,,,,,72552.18321275711,0.0001
6021289,7551,11400.0,,,,,,,,72568.74857783318,0.0001
6022380,7552,8125.0,,,,,,,,72582.30276846886,0.0001
6023808,7553,11750.0,,,,,,,,72599.90760612488,0.0001
6024953,7554,11400.0,,,,,,,,72614.08650636673,0.0001
6025741,7555,4400.0,,,,,,,,72623.88073539734,0.0001
6026354,7556,400.0,,,,,,,,72631.56548309326,0.0001
6027735,7557,11525.0,,,,,,,,72648.54094862938,0.0001
6029520,7558,12500.0,,,,,,,,72670.58143091202,0.0001
6030566,7559,11400.0,,,,,,,,72683.58137202263,0.0001
6031570,7560,8075.0,,,,,,,,72695.95811271667,0.0001
6032054,7561,825.0,,,,,,,,72702.22305965424,0.0001
6033790,7562,12125.0,,,,,,,,72724.75930714607,0.0001
6035410,7563,11925.0,,,,,,,,72744.9278280735,0.0001
6036778,7564,11850.0,,,,,,,,72762.14078593254,0.0001
6037534,7565,7575.0,,,,,,,,72771.5303747654,0.0001
6039395,7566,11975.0,,,,,,,,72794.6136238575,0.0001
6040229,7567,4425.0,,,,,,,,72805.17908740044,0.0001
6041495,7568,11500.0,,,,,,,,72820.85476207733,0.0001
6042023,7569,325.0,,,,,,,,72827.42594075203,0.0001
6043149,7570,4300.0,,,,,,,,72841.41559028625,0.0001
6044550,7571,11375.0,,,,,,,,72858.7943019867,0.0001
6045509,7572,7900.0,,,,,,,,72870.47982883453,0.0001
6046754,7573,12025.0,,,,,,,,72885.80972886086,0.0001
6047714,7574,7950.0,,,,,,,,72897.6964571476,0.0001
6049456,7575,11575.0,,,,,,,,72919.17836833,0.0001
6050706,7576,11550.0,,,,,,,,72934.92081308365,0.0001
6052267,7577,11650.0,,,,,,,,72954.3725926876,0.0001
6054038,7578,12250.0,,,,,,,,72976.49344134331,0.0001
6054622,7579,125.0,,,,,,,,72983.8205397129,0.0001
6055052,7580,650.0,,,,,,,,72989.2989487648,0.0001
6056115,7581,11475.0,,,,,,,,73002.57769846916,0.0001
6058138,7582,12200.0,,,,,,,,73027.51619744301,0.0001
6060096,7583,11700.0,,,,,,,,73051.42449903488,0.0001
6062111,7584,15750.0,,,,,,,,73076.05650234222,0.0001
6063767,7585,11600.0,,,,,,,,73096.50571584702,0.0001
6064714,7586,8050.0,,,,,,,,73108.0935292244,0.0001
6065905,7587,8225.0,,,,,,,,73122.49146485329,0.0001
6067314,7588,11575.0,,,,,,,,73139.69145298004,0.0001
6068806,7589,11875.0,,,,,,,,73158.09297513962,0.0001
6070221,7590,11575.0,,,,,,,,73175.649456501,0.0001
6070971,7591,4400.0,,,,,,,,73185.01839542389,0.0001
6072598,7592,11725.0,,,,,,,,73205.20421719551,0.0001
6073279,7593,4325.0,,,,,,,,73213.72567296028,0.0001
6074417,7594,8400.0,,,,,,,,73227.90031838417,0.0001
6076376,7595,12125.0,,,,,,,,73252.11621284485,0.0001
6077744,7596,11425.0,,,,,,,,73269.14240217209,0.0001
6078735,7597,11200.0,,,,,,,,73281.38082003593,0.0001
6080703,7598,12150.0,,,,,,,,73305.83846521378,0.0001
6081502,7599,7725.0,,,,,,,,73315.84541273117,0.0001
6082792,7600,11475.0,,,,,,,,73331.93690538406,0.0001
6084795,7601,12750.0,,,,,,,,73356.69875335693,0.0001
6085349,7602,675.0,,,,,,,,73363.63249897957,0.0001
6087087,7603,11600.0,,,,,,,,73385.12020039558,0.0001
6088304,7604,8575.0,,,,,,,,73400.21626234055,0.0001
6089780,7605,11775.0,,,,,,,,73418.57449102402,0.0001
6090958,7606,4950.0,,,,,,,,73433.24177312851,0.0001
6092645,7607,11550.0,,,,,,,,73454.16473889351,0.0001
6093861,7608,11550.0,,,,,,,,73469.28204989433,0.0001
6095671,7609,12150.0,,,,,,,,73491.56028056145,0.0001
6096997,7610,11700.0,,,,,,,,73507.79410433769,0.0001
6097964,7611,7950.0,,,,,,,,73519.68197798729,0.0001
6099184,7612,8050.0,,,,,,,,73534.82355856895,0.0001
6100517,7613,8525.0,,,,,,,,73551.38015174866,0.0001
6101601,7614,11325.0,,,,,,,,73564.84556150436,0.0001
6102649,7615,4450.0,,,,,,,,73577.88060283661,0.0001
6104700,7616,12250.0,,,,,,,,73603.33153247833,0.0001
6105004,7617,100.0,,,,,,,,73607.1541864872,0.0001
6105340,7618,500.0,,,,,,,,73611.36987400055,0.0001
6106623,7619,11200.0,,,,,,,,73627.20012044907,0.0001
6108137,7620,11625.0,,,,,,,,73646.0400197506,0.0001
6109480,7621,11650.0,,,,,,,,73662.56001615524,0.0001
6110677,7622,11875.0,,,,,,,,73677.4261329174,0.0001
6112228,7623,11625.0,,,,,,,,73696.66428661346,0.0001
6113031,7624,4350.0,,,,,,,,73706.72626709938,0.0001
6113704,7625,825.0,,,,,,,,73715.15005087852,0.0001
6115225,7626,12400.0,,,,,,,,73734.15617966652,0.0001
6116721,7627,11475.0,,,,,,,,73752.73594284058,0.0001
6117494,7628,925.0,,,,,,,,73762.36992573738,0.0001
6119066,7629,12150.0,,,,,,,,73781.80922794342,0.0001
6120422,7630,11625.0,,,,,,,,73798.6468322277,0.0001
6121686,7631,11600.0,,,,,,,,73814.28623962402,0.0001
6122147,7632,300.0,,,,,,,,73820.04268741608,0.0001
6123503,7633,11625.0,,,,,,,,73836.788823843,0.0001
6124755,7634,8025.0,,,,,,,,73852.36960673332,0.0001
6126634,7635,11975.0,,,,,,,,73875.52084875107,0.0001
6128139,7636,11375.0,,,,,,,,73894.10147476196,0.0001
6129039,7637,4400.0,,,,,,,,73905.27542948723,0.0001
6130634,7638,11450.0,,,,,,,,73925.17972445488,0.0001
6131251,7639,500.0,,,,,,,,73932.87759494781,0.0001
6132714,7640,11625.0,,,,,,,,73951.06818318367,0.0001
6134000,7641,11625.0,,,,,,,,73966.97507953644,0.0001
6135492,7642,8450.0,,,,,,,,73985.3478653431,0.0001
6136273,7643,300.0,,,,,,,,73995.0177283287,0.0001
6136790,7644,425.0,,,,,,,,74001.4270670414,0.0001
6138340,7645,11475.0,,,,,,,,74020.75742840767,0.0001
6139985,7646,11625.0,,,,,,,,74041.51876115799,0.0001
6140511,7647,375.0,,,,,,,,74048.06323218346,0.0001
6141978,7648,7825.0,,,,,,,,74066.14482545853,0.0001
6143432,7649,11525.0,,,,,,,,74084.06883239746,0.0001
6145242,7650,11575.0,,,,,,,,74106.503844738,0.0001
6146383,7651,7950.0,,,,,,,,74120.56664562225,0.0001
6147612,7652,4650.0,,,,,,,,74135.8801958561,0.0001
6148275,7653,900.0,,,,,,,,74144.11474847794,0.0001
6149230,7654,450.0,,,,,,,,74156.10019755363,0.0001
6150935,7655,11625.0,,,,,,,,74177.10563898087,0.0001
6152305,7656,11600.0,,,,,,,,74194.22368383408,0.0001
6153989,7657,11625.0,,,,,,,,74215.1682817936,0.0001
6155785,7658,12300.0,,,,,,,,74237.52087235451,0.0001
6157143,7659,11800.0,,,,,,,,74254.32258796692,0.0001
6158807,7660,11700.0,,,,,,,,74274.89466500282,0.0001
6160594,7661,11900.0,,,,,,,,74296.61320114136,0.0001
6161998,7662,11325.0,,,,,,,,74313.75438094139,0.0001
6163291,7663,11550.0,,,,,,,,74329.48333120346,0.0001
6164108,7664,7775.0,,,,,,,,74339.45600891113,0.0001
6165427,7665,11950.0,,,,,,,,74355.56629657745,0.0001
6167094,7666,14925.0,,,,,,,,74375.89945745468,0.0001
6168384,7667,11725.0,,,,,,,,74391.87728238106,0.0001
6170742,7668,15600.0,,,,,,,,74421.17301726341,0.0001
6172191,7669,11425.0,,,,,,,,74439.20763254166,0.0001
6174107,7670,11700.0,,,,,,,,74462.87012958527,0.0001
6175188,7671,11325.0,,,,,,,,74476.31694889069,0.0001
6176437,7672,12050.0,,,,,,,,74491.86849784851,0.0001
6177486,7673,4600.0,,,,,,,,74504.85720705986,0.0001
6178769,7674,8275.0,,,,,,,,74520.89221191406,0.0001
6180368,7675,11550.0,,,,,,,,74540.71928429604,0.0001
6181275,7676,8100.0,,,,,,,,74551.99286746979,0.0001
6182806,7677,4925.0,,,,,,,,74571.05078434944,0.0001
6184154,7678,11600.0,,,,,,,,74587.7431628704,0.0001
6185919,7679,11475.0,,,,,,,,74609.67453742027,0.0001
6187323,7680,11675.0,,,,,,,,74626.81028270721,0.0001
6188867,7681,11600.0,,,,,,,,74645.78583264351,0.0001
6190265,7682,11525.0,,,,,,,,74663.1563847065,0.0001
6191199,7683,4400.0,,,,,,,,74674.53309345245,0.0001
6192013,7684,225.0,,,,,,,,74684.55970573425,0.0001
6193674,7685,12000.0,,,,,,,,74704.77075839043,0.0001
6195069,7686,12075.0,,,,,,,,74721.78746247292,0.0001
6195501,7687,750.0,,,,,,,,74727.24963879585,0.0001
6195933,7688,750.0,,,,,,,,74732.62246322632,0.0001
6196718,7689,4400.0,,,,,,,,74742.37914204597,0.0001
6198228,7690,11550.0,,,,,,,,74761.15707373619,0.0001
6198933,7691,4650.0,,,,,,,,74770.04036307335,0.0001
6200137,7692,11250.0,,,,,,,,74784.89681792259,0.0001
6201354,7693,10975.0,,,,,,,,74800.08728480339,0.0001
6202444,7694,525.0,,,,,,,,74813.76142883301,0.0001
6203289,7695,4500.0,,,,,,,,74824.26977229118,0.0001
6204993,7696,11775.0,,,,,,,,74845.47024655342,0.0001
6205804,7697,4350.0,,,,,,,,74855.54797196388,0.0001
6206788,7698,8000.0,,,,,,,,74867.90829086304,0.0001
6208438,7699,11750.0,,,,,,,,74888.934527874,0.0001
6210459,7700,11800.0,,,,,,,,74914.63370776176,0.0001
6212520,7701,15550.0,,,,,,,,74940.78306412697,0.0001
6214119,7702,11475.0,,,,,,,,74961.16590213776,0.0001
6215926,7703,12900.0,,,,,,,,74984.00135684013,0.0001
6217066,7704,8075.0,,,,,,,,74998.42369294167,0.0001
6217734,7705,825.0,,,,,,,,75006.97683024406,0.0001
6219082,7706,11400.0,,,,,,,,75023.95885753632,0.0001
6220883,7707,11625.0,,,,,,,,75046.65321040154,0.0001
6222324,7708,12625.0,,,,,,,,75064.83476448059,0.0001
6223171,7709,7875.0,,,,,,,,75075.6564142704,0.0001
6224108,7710,8075.0,,,,,,,,75087.58451008797,0.0001
6225769,7711,11700.0,,,,,,,,75108.57787036896,0.0001
6227131,7712,11525.0,,,,,,,,75125.84382557869,0.0001
6228749,7713,11750.0,,,,,,,,75146.37836146355,0.0001
6229853,7714,11500.0,,,,,,,,75160.35309481621,0.0001
6231410,7715,12200.0,,,,,,,,75180.1225926876,0.0001
6233302,7716,11600.0,,,,,,,,75203.82511544228,0.0001
6234671,7717,9075.0,,,,,,,,75220.82101631165,0.0001
6236203,7718,11475.0,,,,,,,,75239.88850307465,0.0001
6237633,7719,11550.0,,,,,,,,75257.61177587509,0.0001
6239233,7720,12425.0,,,,,,,,75277.41436600685,0.0001
6240434,7721,11400.0,,,,,,,,75292.23897576332,0.0001
6242227,7722,12325.0,,,,,,,,75314.42048811913,0.0001
6243468,7723,11375.0,,,,,,,,75329.7874121666,0.0001
6244773,7724,11325.0,,,,,,,,75345.9778149128,0.0001
6245136,7725,225.0,,,,,,,,75350.52331972122,0.0001
6245826,7726,4425.0,,,,,,,,75359.12432026863,0.0001
6247025,7727,11500.0,,,,,,,,75374.08008408546,0.0001
6248320,7728,11375.0,,,,,,,,75390.09343409538,0.0001
6248986,7729,4300.0,,,,,,,,75398.39016866684,0.0001
6249568,7730,4150.0,,,,,,,,75405.65468788147,0.0001
6251056,7731,11650.0,,,,,,,,75424.02198696136,0.0001
6252760,7732,11450.0,,,,,,,,75445.09690642357,0.0001
6253689,7733,7975.0,,,,,,,,75456.63292765617,0.0001
6254153,7734,825.0,,,,,,,,75462.41024518013,0.0001
6255724,7735,12300.0,,,,,,,,75481.84851694107,0.0001
6257510,7736,11625.0,,,,,,,,75503.95281600952,0.0001
6259216,7737,14900.0,,,,,,,,75524.99829483032,0.0001
6260665,7738,11925.0,,,,,,,,75543.03121066093,0.0001
6262156,7739,11750.0,,,,,,,,75561.46235489845,0.0001
6263827,7740,11525.0,,,,,,,,75582.22646355629,0.0001
6264956,7741,8100.0,,,,,,,,75596.2325026989,0.0001
6266030,7742,8025.0,,,,,,,,75609.47247171402,0.0001
6267908,7743,11625.0,,,,,,,,75632.65025186539,0.0001
6268865,7744,4500.0,,,,,,,,75644.5409719944,0.0001
6270053,7745,8425.0,,,,,,,,75659.23915672302,0.0001
6270788,7746,4325.0,,,,,,,,75668.31320405006,0.0001
6272041,7747,11400.0,,,,,,,,75683.8445110321,0.0001
6273649,7748,9075.0,,,,,,,,75703.79832077026,0.0001
6275325,7749,11800.0,,,,,,,,75724.47893881798,0.0001
6275782,7750,225.0,,,,,,,,75730.16820073128,0.0001
6277280,7751,12100.0,,,,,,,,75748.69595599174,0.0001
6277972,7752,4125.0,,,,,,,,75757.24486637115,0.0001
6278854,7753,4875.0,,,,,,,,75768.1328754425,0.0001
6280492,7754,11925.0,,,,,,,,75788.2381966114,0.0001
6282008,7755,12350.0,,,,,,,,75806.93326067924,0.0001
6283786,7756,11675.0,,,,,,,,75828.86821246147,0.0001
6285085,7757,8200.0,,,,,,,,75844.87433576584,0.0001
6286510,7758,8525.0,,,,,,,,75862.5105099678,0.0001
6287637,7759,7975.0,,,,,,,,75876.51884555817,0.0001
6289255,7760,11300.0,,,,,,,,75896.57507252693,0.0001
6291130,7761,12550.0,,,,,,,,75919.70293664932,0.0001
6292010,7762,7950.0,,,,,,,,75930.64437532425,0.0001
6293253,7763,12025.0,,,,,,,,75945.93910980225,0.0001
6294581,7764,12100.0,,,,,,,,75962.30859589577,0.0001
6296037,7765,11950.0,,,,,,,,75980.31057238579,0.0001
6296533,7766,500.0,,,,,,,,75986.48939204216,0.0001
6298095,7767,11550.0,,,,,,,,76005.77271938324,0.0001
6299641,7768,12225.0,,,,,,,,76024.97102451324,0.0001
6300338,7769,525.0,,,,,,,,76033.61519145966,0.0001
6301964,7770,11600.0,,,,,,,,76053.61963295937,0.0001
6303677,7771,11875.0,,,,,,,,76074.76378250122,0.0001
6305005,7772,11475.0,,,,,,,,76091.10491108894,0.0001
6306574,7773,11600.0,,,,,,,,76110.46427941322,0.0001
6307336,7774,4450.0,,,,,,,,76119.89118933678,0.0001
6308671,7775,11450.0,,,,,,,,76136.37580108643,0.0001
6309562,7776,4450.0,,,,,,,,76147.4500951767,0.0001
6311151,7777,12000.0,,,,,,,,76167.14360904694,0.0001
6312788,7778,12075.0,,,,,,,,76187.41701364517,0.0001
6313544,7779,500.0,,,,,,,,76196.7498061657,0.0001
6314739,7780,11500.0,,,,,,,,76211.58807325363,0.0001
6316131,7781,11550.0,,,,,,,,76228.54454779625,0.0001
6318077,7782,12575.0,,,,,,,,76252.37579154968,0.0001
6319636,7783,12950.0,,,,,,,,76271.64423513412,0.0001
6321309,7784,11800.0,,,,,,,,76292.43528842926,0.0001
6323345,7785,12025.0,,,,,,,,76317.78215742111,0.0001
6324866,7786,15475.0,,,,,,,,76336.59693217278,0.0001
6326461,7787,12150.0,,,,,,,,76356.42740440369,0.0001
6328262,7788,11975.0,,,,,,,,76378.56890130043,0.0001
6329156,7789,325.0,,,,,,,,76389.61224865913,0.0001
6330642,7790,11600.0,,,,,,,,76407.97020316124,0.0001
6331831,7791,11550.0,,,,,,,,76422.60908293724,0.0001
6332958,7792,11375.0,,,,,,,,76436.58590126038,0.0001
6334343,7793,11875.0,,,,,,,,76453.63904833794,0.0001
6335678,7794,11875.0,,,,,,,,76470.19663786888,0.0001
6336968,7795,11500.0,,,,,,,,76486.06565237045,0.0001
6338019,7796,11275.0,,,,,,,,76499.01460909843,0.0001
6339354,7797,11650.0,,,,,,,,76515.52411031723,0.0001
6340587,7798,12075.0,,,,,,,,76530.8576965332,0.0001
6341537,7799,7900.0,,,,,,,,76542.68115210533,0.0001
6343031,7800,11950.0,,,,,,,,76561.11548829079,0.0001
6344257,7801,11475.0,,,,,,,,76576.28776144981,0.0001
6345695,7802,13150.0,,,,,,,,76594.10630607605,0.0001
6346454,7803,800.0,,,,,,,,76603.62321662903,0.0001
6347681,7804,11600.0,,,,,,,,76619.14508485794,0.0001
6349177,7805,12150.0,,,,,,,,76637.99239706993,0.0001
6350801,7806,11575.0,,,,,,,,76658.4490365982,0.0001
6352128,7807,11600.0,,,,,,,,76675.1794397831,0.0001
6353889,7808,12650.0,,,,,,,,76697.16280245781,0.0001
6355573,7809,11475.0,,,,,,,,76718.21192336082,0.0001
6356267,7810,4675.0,,,,,,,,76726.99207377434,0.0001
6358391,7811,12175.0,,,,,,,,76753.83306479454,0.0001
6359940,7812,12175.0,,,,,,,,76773.30116438866,0.0001
6361397,7813,11625.0,,,,,,,,76791.79468083382,0.0001
6363078,7814,11550.0,,,,,,,,76812.63252139091,0.0001
6364526,7815,11450.0,,,,,,,,76830.62929797173,0.0001
6366235,7816,12800.0,,,,,,,,76851.97155737877,0.0001
6367589,7817,11650.0,,,,,,,,76868.75476694107,0.0001
6369173,7818,11875.0,,,,,,,,76887.97445368767,0.0001
6370695,7819,15475.0,,,,,,,,76906.56104254723,0.0001
6372313,7820,11950.0,,,,,,,,76926.65734291077,0.0001
6374270,7821,12250.0,,,,,,,,76950.99199175835,0.0001
6375470,7822,11500.0,,,,,,,,76965.90903568268,0.0001
6376454,7823,7900.0,,,,,,,,76978.06748509407,0.0001
6377152,7824,4300.0,,,,,,,,76986.78398251534,0.0001
6378190,7825,8425.0,,,,,,,,76999.68552422523,0.0001
6380168,7826,11600.0,,,,,,,,77024.17970323563,0.0001
6381980,7827,11575.0,,,,,,,,77046.6322388649,0.0001
6383093,7828,8100.0,,,,,,,,77060.58023405075,0.0001
6384543,7829,12175.0,,,,,,,,77078.56993675232,0.0001
6386022,7830,12025.0,,,,,,,,77096.82616853714,0.0001
6387860,7831,12850.0,,,,,,,,77119.5017695427,0.0001
6389625,7832,15650.0,,,,,,,,77141.26007890701,0.0001
6390408,7833,4300.0,,,,,,,,77150.98219370842,0.0001
6391347,7834,4325.0,,,,,,,,77162.61191558838,0.0001
6392461,7835,11400.0,,,,,,,,77176.49767017365,0.0001
6394665,7836,12075.0,,,,,,,,77203.82562804222,0.0001
6396669,7837,12175.0,,,,,,,,77228.74363207817,0.0001
6397998,7838,11575.0,,,,,,,,77245.30887699127,0.0001
6399587,7839,11650.0,,,,,,,,77264.9257824421,0.0001
6401146,7840,12150.0,,,,,,,,77284.18824768066,0.0001
6402766,7841,12125.0,,,,,,,,77304.21890211105,0.0001
6404276,7842,11650.0,,,,,,,,77322.83022332191,0.0001
6406189,7843,11600.0,,,,,,,,77346.54945397377,0.0001
6407602,7844,11450.0,,,,,,,,77363.83660411835,0.0001
6408442,7845,4425.0,,,,,,,,77374.0347225666,0.0001
6410242,7846,12200.0,,,,,,,,77395.86504030228,0.0001
6411771,7847,12075.0,,,,,,,,77414.37857675552,0.0001
6412832,7848,8375.0,,,,,,,,77427.29712724686,0.0001
6414392,7849,11700.0,,,,,,,,77446.2171857357,0.0001
6415234,7850,7850.0,,,,,,,,77456.6503829956,0.0001
6416958,7851,12025.0,,,,,,,,77477.98656606674,0.0001
6418202,7852,11625.0,,,,,,,,77493.44906759262,0.0001
6419545,7853,11700.0,,,,,,,,77510.04621911049,0.0001
6420072,7854,275.0,,,,,,,,77516.61646914482,0.0001
6421675,7855,12700.0,,,,,,,,77536.52592778206,0.0001
6422395,7856,875.0,,,,,,,,77545.47282004356,0.0001
6423586,7857,11500.0,,,,,,,,77560.2298772335,0.0001
6425277,7858,12100.0,,,,,,,,77581.15553331375,0.0001
6427066,7859,11625.0,,,,,,,,77603.2034637928,0.0001
6428617,7860,11625.0,,,,,,,,77622.36637282372,0.0001
6430605,7861,12250.0,,,,,,,,77646.8018784523,0.0001
6431945,7862,11575.0,,,,,,,,77663.40665650368,0.0001
6433734,7863,11550.0,,,,,,,,77685.46825695038,0.0001
6434455,7864,4300.0,,,,,,,,77694.38354682922,0.0001
6436080,7865,12125.0,,,,,,,,77714.51308512688,0.0001
6436734,7866,450.0,,,,,,,,77722.71915984154,0.0001
6438222,7867,12200.0,,,,,,,,77741.19931578636,0.0001
6439326,7868,11475.0,,,,,,,,77754.84627771378,0.0001
6440280,7869,650.0,,,,,,,,77766.64956092834,0.0001
6442189,7870,15650.0,,,,,,,,77790.30411219597,0.0001
6443712,7871,11925.0,,,,,,,,77809.15763521194,0.0001
6444883,7872,11350.0,,,,,,,,77823.59381771088,0.0001
6446761,7873,11725.0,,,,,,,,77846.72158098221,0.0001
6448012,7874,11625.0,,,,,,,,77862.14910960197,0.0001
6449596,7875,11600.0,,,,,,,,77881.71376633644,0.0001
6451111,7876,11600.0,,,,,,,,77900.44127845764,0.0001
6452701,7877,12100.0,,,,,,,,77920.31324076653,0.0001
6454453,7878,12300.0,,,,,,,,77942.11769127846,0.0001
6456171,7879,12175.0,,,,,,,,77963.10904765129,0.0001
6457115,7880,8500.0,,,,,,,,77974.54679512978,0.0001
6458266,7881,11375.0,,,,,,,,77988.81928682327,0.0001
6458799,7882,3975.0,,,,,,,,77995.37578868866,0.0001
6460523,7883,12200.0,,,,,,,,78016.55477976799,0.0001
6462305,7884,12200.0,,,,,,,,78038.69895243645,0.0001
6463880,7885,11550.0,,,,,,,,78058.26146411896,0.0001
6464697,7886,4200.0,,,,,,,,78068.44732880592,0.0001
6466062,7887,11900.0,,,,,,,,78085.29958128929,0.0001
6467641,7888,12000.0,,,,,,,,78104.97264361382,0.0001
6469327,7889,12050.0,,,,,,,,78125.79985690117,0.0001
6471110,7890,12200.0,,,,,,,,78148.04159498215,0.0001
6473354,7891,12200.0,,,,,,,,78175.89091944695,0.0001
6474894,7892,12425.0,,,,,,,,78194.99016165733,0.0001
6475724,7893,4175.0,,,,,,,,78205.37317490578,0.0001
6476838,7894,8050.0,,,,,,,,78219.21963691711,0.0001
6478456,7895,12175.0,,,,,,,,78239.25418233871,0.0001
6480150,7896,11625.0,,,,,,,,78260.42757225037,0.0001
6482234,7897,15450.0,,,,,,,,78286.22431397438,0.0001
6483725,7898,8500.0,,,,,,,,78304.83676552773,0.0001
6484564,7899,4525.0,,,,,,,,78315.25713324547,0.0001
6485618,7900,8475.0,,,,,,,,78328.43505477905,0.0001
6486642,7901,4500.0,,,,,,,,78341.28194570541,0.0001
6488269,7902,11550.0,,,,,,,,78361.50705194473,0.0001
6489104,7903,7925.0,,,,,,,,78371.7941660881,0.0001
6490694,7904,12075.0,,,,,,,,78391.16385698318,0.0001
6491164,7905,400.0,,,,,,,,78396.9153637886,0.0001
6492516,7906,11700.0,,,,,,,,78413.4611260891,0.0001
6493223,7907,4425.0,,,,,,,,78422.25195336342,0.0001
6494940,7908,12650.0,,,,,,,,78443.39694452286,0.0001
6496586,7909,12175.0,,,,,,,,78463.81377387047,0.0001
6498108,7910,9175.0,,,,,,,,78482.69288492203,0.0001
6498505,7911,675.0,,,,,,,,78487.69654273987,0.0001
6500562,7912,11775.0,,,,,,,,78513.11977362633,0.0001
6501686,7913,8450.0,,,,,,,,78526.9557685852,0.0001
6503385,7914,12075.0,,,,,,,,78547.88669371605,0.0001
6504774,7915,11675.0,,,,,,,,78564.84176039696,0.0001
6506047,7916,8025.0,,,,,,,,78580.69039201736,0.0001
6506664,7917,4250.0,,,,,,,,78588.37613630295,0.0001
6507574,7918,475.0,,,,,,,,78599.70794987679,0.0001
6509182,7919,12075.0,,,,,,,,78619.69650912285,0.0001
6510756,7920,12100.0,,,,,,,,78639.09847664833,0.0001
6511554,7921,4275.0,,,,,,,,78648.94715476036,0.0001
6512711,7922,4475.0,,,,,,,,78663.08248019218,0.0001
6514338,7923,11725.0,,,,,,,,78683.1434340477,0.0001
6515787,7924,12150.0,,,,,,,,78701.19254660606,0.0001
6516962,7925,4175.0,,,,,,,,78715.79585647583,0.0001
6518682,7926,12275.0,,,,,,,,78737.13639807701,0.0001
6519462,7927,7725.0,,,,,,,,78746.81163764,0.0001
6520085,7928,650.0,,,,,,,,78754.57653641701,0.0001
6520709,7929,250.0,,,,,,,,78762.37775325775,0.0001
6521574,7930,3650.0,,,,,,,,78773.12037158012,0.0001
6522913,7931,8600.0,,,,,,,,78789.78745174408,0.0001
6523503,7932,225.0,,,,,,,,78797.18724942207,0.0001
6524236,7933,1125.0,,,,,,,,78806.25032520294,0.0001
6525346,7934,4375.0,,,,,,,,78820.1144156456,0.0001
6527455,7935,12600.0,,,,,,,,78846.12601447105,0.0001
6528239,7936,4300.0,,,,,,,,78855.73896121979,0.0001
6529127,7937,4400.0,,,,,,,,78866.74304199219,0.0001
6529820,7938,4250.0,,,,,,,,78875.34143519402,0.0001
6530288,7939,300.0,,,,,,,,78881.26710915565,0.0001
6530809,7940,825.0,,,,,,,,78887.81182050705,0.0001
6531279,7941,400.0,,,,,,,,78893.6928448677,0.0001
6532765,7942,12075.0,,,,,,,,78912.26098489761,0.0001
6534374,7943,12175.0,,,,,,,,78932.24046874046,0.0001
6536818,7944,15800.0,,,,,,,,78962.66595029831,0.0001
6538384,7945,12125.0,,,,,,,,78982.05074071884,0.0001
6538955,7946,550.0,,,,,,,,78989.23575234413,0.0001
6540171,7947,11400.0,,,,,,,,79004.26024365425,0.0001
6541672,7948,12725.0,,,,,,,,79022.9127728939,0.0001
6542512,7949,475.0,,,,,,,,79033.41095471382,0.0001
6543606,7950,8050.0,,,,,,,,79046.9641983509,0.0001
6545338,7951,15800.0,,,,,,,,79068.4862036705,0.0001
6545864,7952,200.0,,,,,,,,79075.03389239311,0.0001
6547073,7953,11900.0,,,,,,,,79090.05857849121,0.0001
6547557,7954,125.0,,,,,,,,79096.169226408,0.0001
6548337,7955,4350.0,,,,,,,,79105.92201066017,0.0001
6549866,7956,11575.0,,,,,,,,79124.9674320221,0.0001
6551213,7957,12175.0,,,,,,,,79141.70906996727,0.0001
6552050,7958,4325.0,,,,,,,,79152.17737197876,0.0001
6552658,7959,825.0,,,,,,,,79159.79978871346,0.0001
6553766,7960,8425.0,,,,,,,,79173.60366010666,0.0001
6555442,7961,12150.0,,,,,,,,79194.45865869522,0.0001
6556512,7962,8225.0,,,,,,,,79207.79906964302,0.0001
6557764,7963,11625.0,,,,,,,,79223.44128751755,0.0001
6559436,7964,12425.0,,,,,,,,79244.25088071823,0.0001
6561222,7965,12175.0,,,,,,,,79266.27292227745,0.0001
6563527,7966,12250.0,,,,,,,,79294.86068606377,0.0001
6565224,7967,12000.0,,,,,,,,79315.84299731255,0.0001
6566534,7968,11975.0,,,,,,,,79332.09513497353,0.0001
6568540,7969,13000.0,,,,,,,,79357.04897546768,0.0001
6569987,7970,12025.0,,,,,,,,79374.75595474243,0.0001
6571188,7971,11525.0,,,,,,,,79389.56558060646,0.0001
6572437,7972,11900.0,,,,,,,,79405.11900949478,0.0001
6573178,7973,4300.0,,,,,,,,79414.27621912956,0.0001
6574865,7974,15375.0,,,,,,,,79435.23531150818,0.0001
6576006,7975,7975.0,,,,,,,,79449.26248860359,0.0001
6577738,7976,15400.0,,,,,,,,79470.49488353729,0.0001
6578775,7977,1000.0,,,,,,,,79483.29109454155,0.0001
6579962,7978,11475.0,,,,,,,,79497.99798107147,0.0001
6581101,7979,8150.0,,,,,,,,79512.14160299301,0.0001
6582080,7980,4300.0,,,,,,,,79524.41570186615,0.0001
6584244,7981,16025.0,,,,,,,,79551.11854100227,0.0001
6585289,7982,11250.0,,,,,,,,79564.203384161,0.0001
6587045,7983,12275.0,,,,,,,,79586.09481334686,0.0001
6588454,7984,12000.0,,,,,,,,79603.63399791718,0.0001
6590223,7985,12150.0,,,,,,,,79625.70339298248,0.0001
6592280,7986,15575.0,,,,,,,,79651.18569755554,0.0001
6593448,7987,11400.0,,,,,,,,79665.74551558495,0.0001
6595459,7988,12425.0,,,,,,,,79690.77589440346,0.0001
6595896,7989,675.0,,,,,,,,79696.2676460743,0.0001
6596482,7990,400.0,,,,,,,,79703.63269615173,0.0001
6598113,7991,12175.0,,,,,,,,79723.85050439835,0.0001
6599125,7992,11400.0,,,,,,,,79736.47297716141,0.0001
6600355,7993,12250.0,,,,,,,,79751.64421796799,0.0001
6601362,7994,875.0,,,,,,,,79764.1759724617,0.0001
6602214,7995,4575.0,,,,,,,,79774.77584719658,0.0001
6602688,7996,450.0,,,,,,,,79780.70159077644,0.0001
6603592,7997,825.0,,,,,,,,79791.88833665848,0.0001
6605001,7998,12050.0,,,,,,,,79809.3697707653,0.0001
6606580,7999,12050.0,,,,,,,,79828.69834589958,0.0001
6607617,8000,11200.0,,,,,,,,79841.5977408886,0.0001
6609691,8001,12800.0,,,,,,,,79866.96013736725,0.0001
6610964,8002,11400.0,,,,,,,,79882.66578412056,0.0001
6612880,8003,12125.0,,,,,,,,79906.36224627495,0.0001
6615409,8004,15925.0,,,,,,,,79937.70931696892,0.0001
6616899,8005,11525.0,,,,,,,,79956.10574889183,0.0001
6618315,8006,11475.0,,,,,,,,79973.60289239883,0.0001
6619544,8007,8100.0,,,,,,,,79988.81030106544,0.0001
6620885,8008,11875.0,,,,,,,,80005.46163511276,0.0001
6621624,8009,4275.0,,,,,,,,80014.64367222786,0.0001
6623176,8010,12125.0,,,,,,,,80033.90649747849,0.0001
6624982,8011,12125.0,,,,,,,,80055.94088363647,0.0001
6626547,8012,15350.0,,,,,,,,80075.38878130913,0.0001
6627842,8013,11950.0,,,,,,,,80091.19560670853,0.0001
6629498,8014,11675.0,,,,,,,,80111.60927057266,0.0001
6631144,8015,12125.0,,,,,,,,80131.79178857803,0.0001
6632418,8016,12075.0,,,,,,,,80147.60327839851,0.0001
6634247,8017,12300.0,,,,,,,,80170.31325864792,0.0001
6635002,8018,4900.0,,,,,,,,80179.73723459244,0.0001
6636598,8019,12125.0,,,,,,,,80199.37498188019,0.0001
6637743,8020,11575.0,,,,,,,,80213.65518260002,0.0001
6639044,8021,11625.0,,,,,,,,80229.76648283005,0.0001
6639666,8022,4300.0,,,,,,,,80237.46868443489,0.0001
6641489,8023,11700.0,,,,,,,,80259.6912021637,0.0001
6643206,8024,12750.0,,,,,,,,80280.89100241661,0.0001
6645080,8025,11700.0,,,,,,,,80304.11179208755,0.0001
6646568,8026,13450.0,,,,,,,,80322.23258948326,0.0001
6648282,8027,12125.0,,,,,,,,80343.16818881035,0.0001
6649850,8028,12200.0,,,,,,,,80362.60327744484,0.0001
6651786,8029,12025.0,,,,,,,,80386.55306506157,0.0001
6653081,8030,12025.0,,,,,,,,80402.64046263695,0.0001
6653955,8031,7925.0,,,,,,,,80413.47896933556,0.0001
6654642,8032,4350.0,,,,,,,,80422.09933972359,0.0001
6655847,8033,11575.0,,,,,,,,80436.790995121,0.0001
6657331,8034,12175.0,,,,,,,,80455.5136218071,0.0001
6658035,8035,675.0,,,,,,,,80464.40349578857,0.0001
6658488,8036,425.0,,,,,,,,80470.16263914108,0.0001
6659864,8037,11475.0,,,,,,,,80487.19880795479,0.0001
6661578,8038,11575.0,,,,,,,,80508.18507957458,0.0001
6663703,8039,15000.0,,,,,,,,80533.9954419136,0.0001
6665858,8040,12175.0,,,,,,,,80560.49113965034,0.0001
6668209,8041,11825.0,,,,,,,,80589.3872563839,0.0001
6670482,8042,12500.0,,,,,,,,80617.5397913456,0.0001
6671489,8043,7950.0,,,,,,,,80630.05162239075,0.0001
6673127,8044,11700.0,,,,,,,,80650.41589355469,0.0001
6673880,8045,4425.0,,,,,,,,80659.70147538185,0.0001
6675726,8046,12075.0,,,,,,,,80682.63202166557,0.0001
6677315,8047,12175.0,,,,,,,,80702.33655166626,0.0001
6678856,8048,12600.0,,,,,,,,80721.45497989655,0.0001
6680328,8049,11800.0,,,,,,,,80739.6097381115,0.0001
6682073,8050,12175.0,,,,,,,,80761.23472499847,0.0001
6683455,8051,13500.0,,,,,,,,80778.31433367729,0.0001
6684808,8052,12125.0,,,,,,,,80794.77659249306,0.0001
6685518,8053,250.0,,,,,,,,80803.64842772484,0.0001
6687214,8054,12475.0,,,,,,,,80824.64667749405,0.0001
6688936,8055,12200.0,,,,,,,,80846.09005093575,0.0001
6689528,8056,500.0,,,,,,,,80853.56568622589,0.0001
6690561,8057,11475.0,,,,,,,,80866.38621330261,0.0001
6691753,8058,11725.0,,,,,,,,80881.15473270416,0.0001
6692980,8059,4900.0,,,,,,,,80896.3849799633,0.0001
6694615,8060,12175.0,,,,,,,,80916.60786938667,0.0001
6695169,8061,550.0,,,,,,,,80923.59102082253,0.0001
6696736,8062,12100.0,,,,,,,,80943.14790081978,0.0001
6698786,8063,15625.0,,,,,,,,80968.73189425468,0.0001
6700463,8064,12175.0,,,,,,,,80989.56188893318,0.0001
6701598,8065,11625.0,,,,,,,,81003.6062541008,0.0001
6703086,8066,15350.0,,,,,,,,81022.81121349335,0.0001
6705015,8067,12700.0,,,,,,,,81046.89964008331,0.0001
6705743,8068,800.0,,,,,,,,81055.9368481636,0.0001
6706604,8069,7725.0,,,,,,,,81066.5770509243,0.0001
6706959,8070,125.0,,,,,,,,81071.07423377037,0.0001
6708663,8071,12125.0,,,,,,,,81092.22187709808,0.0001
6709875,8072,11925.0,,,,,,,,81107.29310035706,0.0001
6711460,8073,12175.0,,,,,,,,81126.80094075203,0.0001
6712733,8074,8500.0,,,,,,,,81142.74965906143,0.0001
6714305,8075,15425.0,,,,,,,,81162.18464899063,0.0001
6714801,8076,725.0,,,,,,,,81168.41250276566,0.0001
6716136,8077,8000.0,,,,,,,,81184.97577524185,0.0001
6717881,8078,11700.0,,,,,,,,81206.77646040916,0.0001
6719062,8079,11500.0,,,,,,,,81221.26510167122,0.0001
6720596,8080,12200.0,,,,,,,,81240.275370121,0.0001
6722303,8081,12700.0,,,,,,,,81261.23867821693,0.0001
6723450,8082,11875.0,,,,,,,,81275.28758001328,0.0001
6724277,8083,4400.0,,,,,,,,81285.5647854805,0.0001
6725461,8084,11400.0,,,,,,,,81300.2727868557,0.0001
6726819,8085,12375.0,,,,,,,,81317.02298879623,0.0001
6728470,8086,12600.0,,,,,,,,81337.54197835922,0.0001
6729810,8087,11375.0,,,,,,,,81354.34658455849,0.0001
6731336,8088,12675.0,,,,,,,,81373.29367303848,0.0001
6732190,8089,8100.0,,,,,,,,81383.68870520592,0.0001
6733821,8090,12100.0,,,,,,,,81403.57251048088,0.0001
6734749,8091,11200.0,,,,,,,,81415.01802659035,0.0001
6736641,8092,11950.0,,,,,,,,81438.34728980064,0.0001
6737861,8093,11850.0,,,,,,,,81453.49845337868,0.0001
6739817,8094,12700.0,,,,,,,,81477.44743537903,0.0001
6741464,8095,12050.0,,,,,,,,81497.65900945663,0.0001
6742020,8096,700.0,,,,,,,,81504.62869358063,0.0001
6743646,8097,12225.0,,,,,,,,81524.78305339813,0.0001
6745000,8098,12100.0,,,,,,,,81541.55941486359,0.0001
6746513,8099,15850.0,,,,,,,,81560.38161993027,0.0001
6748187,8100,12225.0,,,,,,,,81581.2092218399,0.0001
6749768,8101,12150.0,,,,,,,,81600.76344680786,0.0001
6751211,8102,12200.0,,,,,,,,81618.60131978989,0.0001
6752597,8103,11675.0,,,,,,,,81635.80670237541,0.0001
6754352,8104,12975.0,,,,,,,,81657.65546822548,0.0001
6756087,8105,12175.0,,,,,,,,81678.98650550842,0.0001
6756859,8106,1225.0,,,,,,,,81688.6474597454,0.0001
6757487,8107,425.0,,,,,,,,81696.47483062744,0.0001
6758849,8108,12000.0,,,,,,,,81713.42422223091,0.0001
6760175,8109,8600.0,,,,,,,,81729.79079008102,0.0001
6761577,8110,12125.0,,,,,,,,81747.23416519165,0.0001
6762097,8111,825.0,,,,,,,,81753.73928499222,0.0001
6763469,8112,11575.0,,,,,,,,81770.86641693115,0.0001
6764193,8113,925.0,,,,,,,,81779.89228582382,0.0001
6765925,8114,11750.0,,,,,,,,81801.40298771858,0.0001
6767238,8115,8025.0,,,,,,,,81817.57380771637,0.0001
6767795,8116,700.0,,,,,,,,81824.49328064919,0.0001
6769265,8117,12100.0,,,,,,,,81842.6678340435,0.0001
6770833,8118,12100.0,,,,,,,,81861.94091916084,0.0001
6772365,8119,11900.0,,,,,,,,81880.95355319977,0.0001
6773351,8120,11450.0,,,,,,,,81893.23702311516,0.0001
6774511,8121,11650.0,,,,,,,,81907.69618082047,0.0001
6776520,8122,12700.0,,,,,,,,81932.34699177742,0.0001
6777904,8123,12100.0,,,,,,,,81949.62149071693,0.0001
6778969,8124,8550.0,,,,,,,,81962.85791563988,0.0001
6780620,8125,12225.0,,,,,,,,81983.18202090263,0.0001
6782793,8126,12700.0,,,,,,,,82010.15722846985,0.0001
6783517,8127,4300.0,,,,,,,,82019.19920134544,0.0001
6785417,8128,12700.0,,,,,,,,82042.77519965172,0.0001
6786382,8129,8000.0,,,,,,,,82054.74788117409,0.0001
6788083,8130,15375.0,,,,,,,,82075.63667201996,0.0001
6789539,8131,12200.0,,,,,,,,82093.68654322624,0.0001
6791461,8132,11825.0,,,,,,,,82117.54623651505,0.0001
6793084,8133,12150.0,,,,,,,,82137.74790453911,0.0001
6795031,8134,12625.0,,,,,,,,82162.1844124794,0.0001
6796137,8135,8525.0,,,,,,,,82175.93251562119,0.0001
6797958,8136,12125.0,,,,,,,,82198.53605985641,0.0001
6798980,8137,7725.0,,,,,,,,82211.28665709496,0.0001
6799896,8138,7750.0,,,,,,,,82222.65673661232,0.0001
6801057,8139,4400.0,,,,,,,,82237.1825993061,0.0001
6802458,8140,7950.0,,,,,,,,82254.65733861923,0.0001
6803759,8141,8050.0,,,,,,,,82270.83871626854,0.0001
6805384,8142,12200.0,,,,,,,,82291.01149964333,0.0001
6806685,8143,8600.0,,,,,,,,82306.87008070946,0.0001
6808280,8144,12200.0,,,,,,,,82326.39950203896,0.0001
6809916,8145,12150.0,,,,,,,,82346.25968813896,0.0001
6811732,8146,12675.0,,,,,,,,82368.43065547943,0.0001
6812986,8147,11975.0,,,,,,,,82384.05546236038,0.0001
6814694,8148,12150.0,,,,,,,,82405.30064082146,0.0001
6816318,8149,12125.0,,,,,,,,82425.55123329163,0.0001
6817710,8150,11900.0,,,,,,,,82442.90400362015,0.0001
6819424,8151,11625.0,,,,,,,,82464.1196577549,0.0001
6821307,8152,12100.0,,,,,,,,82487.32132792473,0.0001
6822821,8153,12125.0,,,,,,,,82505.8636879921,0.0001
6824457,8154,12150.0,,,,,,,,82526.18588399887,0.0001
6826138,8155,12000.0,,,,,,,,82547.03978204727,0.0001
6827423,8156,12100.0,,,,,,,,82563.01096582413,0.0001
6829226,8157,12125.0,,,,,,,,82585.43800806999,0.0001
6830731,8158,11625.0,,,,,,,,82604.17525339127,0.0001
6831825,8159,7925.0,,,,,,,,82617.7517926693,0.0001
6833353,8160,11675.0,,,,,,,,82636.76159191132,0.0001
6834131,8161,4250.0,,,,,,,,82646.38462662697,0.0001
6835141,8162,11275.0,,,,,,,,82658.66967582703,0.0001
6836115,8163,8300.0,,,,,,,,82670.57541847229,0.0001
6836541,8164,675.0,,,,,,,,82675.83367061615,0.0001
6838269,8165,12700.0,,,,,,,,82696.84883856773,0.0001
6840361,8166,16050.0,,,,,,,,82722.52318620682,0.0001
6841995,8167,15750.0,,,,,,,,82742.70866918564,0.0001
6843367,8168,12125.0,,,,,,,,82759.7231874466,0.0001
6844704,8169,12050.0,,,,,,,,82775.94861984253,0.0001
6846882,8170,12200.0,,,,,,,,82802.93343734741,0.0001
6848317,8171,12175.0,,,,,,,,82820.47851848602,0.0001
6850072,8172,12200.0,,,,,,,,82842.12284421921,0.0001
6852262,8173,15600.0,,,,,,,,82869.2322742939,0.0001
6853557,8174,12050.0,,,,,,,,82885.34918427467,0.0001
6854990,8175,11625.0,,,,,,,,82903.11557126045,0.0001
6856399,8176,12075.0,,,,,,,,82920.6037671566,0.0001
6858010,8177,12200.0,,,,,,,,82940.68873214722,0.0001
6860143,8178,15850.0,,,,,,,,82967.20322108269,0.0001
6861888,8179,12700.0,,,,,,,,82988.79575014114,0.0001
6864275,8180,16725.0,,,,,,,,83018.31676197052,0.0001
6865658,8181,12100.0,,,,,,,,83035.40451335907,0.0001
6867071,8182,12175.0,,,,,,,,83052.943567276,0.0001
6868947,8183,12200.0,,,,,,,,83075.77734184265,0.0001
6870403,8184,12125.0,,,,,,,,83093.53925895691,0.0001
6871062,8185,4300.0,,,,,,,,83101.57361626625,0.0001
6871750,8186,650.0,,,,,,,,83109.96812915802,0.0001
6873224,8187,12700.0,,,,,,,,83128.03736329079,0.0001
6875076,8188,12250.0,,,,,,,,83150.98726773262,0.0001
6875898,8189,4450.0,,,,,,,,83161.09626340866,0.0001
6877626,8190,15050.0,,,,,,,,83182.11464691162,0.0001
6879235,8191,11475.0,,,,,,,,83201.57651138306,0.0001
6879991,8192,4425.0,,,,,,,,83210.88579201698,0.0001
6880924,8193,8250.0,,,,,,,,83222.31079173088,0.0001
6882314,8194,12150.0,,,,,,,,83239.23134994507,0.0001
6883047,8195,4325.0,,,,,,,,83248.28736925125,0.0001
6884732,8196,11750.0,,,,,,,,83268.86932945251,0.0001
6885431,8197,4350.0,,,,,,,,83277.35980916023,0.0001
6887192,8198,12750.0,,,,,,,,83298.69931960106,0.0001
6888016,8199,4900.0,,,,,,,,83308.82493209839,0.0001
6889332,8200,12100.0,,,,,,,,83325.28101658821,0.0001
6890177,8201,4475.0,,,,,,,,83335.92860460281,0.0001
6891713,8202,12100.0,,,,,,,,83354.97006988525,0.0001
6892834,8203,11450.0,,,,,,,,83368.8874680996,0.0001
6894633,8204,12150.0,,,,,,,,83391.22993421555,0.0001
6895763,8205,8075.0,,,,,,,,83405.22876262665,0.0001
6896562,8206,325.0,,,,,,,,83415.21982216835,0.0001
6897737,8207,8075.0,,,,,,,,83429.70352697372,0.0001
6898835,8208,7700.0,,,,,,,,83443.40682649612,0.0001
6900266,8209,11750.0,,,,,,,,83461.12024641037,0.0001
6901867,8210,12125.0,,,,,,,,83480.9595015049,0.0001
6903583,8211,12275.0,,,,,,,,83502.26827383041,0.0001
6905510,8212,11675.0,,,,,,,,83526.27227377892,0.0001
6906549,8213,7725.0,,,,,,,,83539.17418909073,0.0001
6908160,8214,11725.0,,,,,,,,83559.09105038643,0.0001
6909210,8215,8425.0,,,,,,,,83572.3474676609,0.0001
6910428,8216,8100.0,,,,,,,,83587.5176999569,0.0001
6911769,8217,12125.0,,,,,,,,83604.17964339256,0.0001
6912531,8218,4425.0,,,,,,,,83613.5590736866,0.0001
6913953,8219,12175.0,,,,,,,,83631.24294161797,0.0001
6915535,8220,12000.0,,,,,,,,83650.81040167809,0.0001
6916258,8221,4150.0,,,,,,,,83659.71000218391,0.0001
6918100,8222,12150.0,,,,,,,,83682.6102180481,0.0001
6919038,8223,11350.0,,,,,,,,83694.29082107544,0.0001
6919855,8224,250.0,,,,,,,,83704.44181656837,0.0001
6921253,8225,8575.0,,,,,,,,83721.69634366035,0.0001
6922090,8226,7575.0,,,,,,,,83732.0821363926,0.0001
6922864,8227,500.0,,,,,,,,83741.6353456974,0.0001
6924618,8228,12175.0,,,,,,,,83763.32210850716,0.0001
6926270,8229,11650.0,,,,,,,,83783.74515461922,0.0001
6927103,8230,4250.0,,,,,,,,83794.0518591404,0.0001
6928565,8231,12150.0,,,,,,,,83812.18646216393,0.0001
6930141,8232,12050.0,,,,,,,,83831.68669366837,0.0001
6931668,8233,12200.0,,,,,,,,83850.61397767067,0.0001
6932207,8234,425.0,,,,,,,,83857.35462117195,0.0001
6934332,8235,12150.0,,,,,,,,83883.62914514542,0.0001
6935209,8236,7775.0,,,,,,,,83894.5830206871,0.0001
6936151,8237,4525.0,,,,,,,,83906.27152729034,0.0001
6937116,8238,4900.0,,,,,,,,83918.4398560524,0.0001
6937948,8239,500.0,,,,,,,,83928.80414199829,0.0001
6939776,8240,16000.0,,,,,,,,83951.4917910099,0.0001
6940350,8241,550.0,,,,,,,,83958.75585722923,0.0001
6940850,8242,350.0,,,,,,,,83965.05952644348,0.0001
6942569,8243,11650.0,,,,,,,,83986.37039375305,0.0001
6943739,8244,8150.0,,,,,,,,84000.83734560013,0.0001
6945899,8245,11675.0,,,,,,,,84027.56242489815,0.0001
6946511,8246,500.0,,,,,,,,84035.24384617805,0.0001
6947946,8247,11650.0,,,,,,,,84052.98959565163,0.0001
6949376,8248,12150.0,,,,,,,,84070.71196818352,0.0001
6950928,8249,11675.0,,,,,,,,84090.00728583336,0.0001
6953017,8250,15625.0,,,,,,,,84115.97791337967,0.0001
6954259,8251,11950.0,,,,,,,,84131.31442260742,0.0001
6955326,8252,8075.0,,,,,,,,84144.58416938782,0.0001
6956101,8253,875.0,,,,,,,,84154.26200413704,0.0001
6956881,8254,4450.0,,,,,,,,84163.9687640667,0.0001
6957333,8255,800.0,,,,,,,,84169.61103844643,0.0001
6958752,8256,11550.0,,,,,,,,84187.15271997452,0.0001
6960253,8257,12100.0,,,,,,,,84205.5251557827,0.0001
6961138,8258,7925.0,,,,,,,,84216.37392044067,0.0001
6962129,8259,4350.0,,,,,,,,84228.42818689346,0.0001
6962663,8260,650.0,,,,,,,,84234.9477725029,0.0001
6964347,8261,12275.0,,,,,,,,84255.82269024849,0.0001
6965507,8262,11600.0,,,,,,,,84270.34186077118,0.0001
6966534,8263,8550.0,,,,,,,,84283.10366559029,0.0001
6967891,8264,11675.0,,,,,,,,84299.89790916443,0.0001
6968712,8265,475.0,,,,,,,,84310.11057376862,0.0001
6970011,8266,11600.0,,,,,,,,84326.16156315804,0.0001
6971286,8267,11600.0,,,,,,,,84341.89265751839,0.0001
6973203,8268,12275.0,,,,,,,,84365.63413953781,0.0001
6974178,8269,4450.0,,,,,,,,84377.78074622154,0.0001
6975767,8270,12100.0,,,,,,,,84397.41058945656,0.0001
6976606,8271,4450.0,,,,,,,,84407.82526373863,0.0001
6977090,8272,825.0,,,,,,,,84413.93619918823,0.0001
6978990,8273,12175.0,,,,,,,,84437.39416003227,0.0001
6980140,8274,12050.0,,,,,,,,84451.65187692642,0.0001
6981238,8275,8075.0,,,,,,,,84465.29692578316,0.0001
6983593,8276,12700.0,,,,,,,,84494.54226636887,0.0001
6984730,8277,7850.0,,,,,,,,84508.6581735611,0.0001
6986152,8278,12100.0,,,,,,,,84526.14272236824,0.0001
6987284,8279,4350.0,,,,,,,,84539.89736413956,0.0001
6988797,8280,11950.0,,,,,,,,84558.47847557068,0.0001
6990028,8281,8525.0,,,,,,,,84573.44903182983,0.0001
6991742,8282,12800.0,,,,,,,,84594.81491065025,0.0001
6993373,8283,12300.0,,,,,,,,84615.23618984222,0.0001
6994940,8284,12100.0,,,,,,,,84634.74127435684,0.0001
6995634,8285,4425.0,,,,,,,,84643.43711900711,0.0001
6997284,8286,11700.0,,,,,,,,84663.4165186882,0.0001
6998666,8287,12125.0,,,,,,,,84680.27898311615,0.0001
6999932,8288,8200.0,,,,,,,,84695.60210895538,0.0001
7001024,8289,11300.0,,,,,,,,84709.17359018326,0.0001
7002852,8290,11600.0,,,,,,,,84731.81607437134,0.0001
7004758,8291,12150.0,,,,,,,,84755.60253763199,0.0001
7006026,8292,12000.0,,,,,,,,84771.46776771545,0.0001
7007376,8293,12175.0,,,,,,,,84788.18253540993,0.0001
7009070,8294,15550.0,,,,,,,,84809.20361471176,0.0001
7010876,8295,15400.0,,,,,,,,84831.48963809013,0.0001
7011816,8296,7975.0,,,,,,,,84843.19638752937,0.0001
7013237,8297,11625.0,,,,,,,,84860.84233379364,0.0001
7014987,8298,12200.0,,,,,,,,84882.55481863022,0.0001
7016534,8299,12150.0,,,,,,,,84901.63275742531,0.0001
7018115,8300,12225.0,,,,,,,,84921.04316949844,0.0001
7019363,8301,11975.0,,,,,,,,84936.56479287148,0.0001
7020631,8302,8575.0,,,,,,,,84952.35430383682,0.0001
7021601,8303,8525.0,,,,,,,,84964.3646671772,0.0001
7022546,8304,7975.0,,,,,,,,84976.14771080017,0.0001
7024515,8305,15625.0,,,,,,,,85000.52547597885,0.0001
7026660,8306,12225.0,,,,,,,,85027.01684713364,0.0001
7027269,8307,4375.0,,,,,,,,85034.68848609924,0.0001
7028300,8308,7925.0,,,,,,,,85047.5727186203,0.0001
7029307,8309,7950.0,,,,,,,,85060.18668174744,0.0001
7031775,8310,13150.0,,,,,,,,85090.69361162186,0.0001
7032587,8311,4275.0,,,,,,,,85100.80848836899,0.0001
7033845,8312,12150.0,,,,,,,,85116.55584740639,0.0001
7035377,8313,11675.0,,,,,,,,85135.55067157745,0.0001
7037075,8314,11625.0,,,,,,,,85156.61176156998,0.0001
7038556,8315,11450.0,,,,,,,,85174.76641845703,0.0001
7039181,8316,4450.0,,,,,,,,85182.67599701881,0.0001
7040676,8317,12000.0,,,,,,,,85201.09678387642,0.0001
7042264,8318,12175.0,,,,,,,,85220.76894164085,0.0001
7043582,8319,11725.0,,,,,,,,85237.13275051117,0.0001
7045045,8320,11975.0,,,,,,,,85255.42980647087,0.0001
7045449,8321,600.0,,,,,,,,85260.48586368561,0.0001
7046151,8322,4400.0,,,,,,,,85269.2293188572,0.0001
7047700,8323,12175.0,,,,,,,,85288.39381599426,0.0001
7049298,8324,12225.0,,,,,,,,85308.31910228729,0.0001
7050719,8325,11625.0,,,,,,,,85325.94559931755,0.0001
7052357,8326,12300.0,,,,,,,,85346.29752254486,0.0001
7053582,8327,11975.0,,,,,,,,85361.4944024086,0.0001
7054976,8328,12025.0,,,,,,,,85378.75961923599,0.0001
7057024,8329,15425.0,,,,,,,,85404.05897450447,0.0001
7058717,8330,15625.0,,,,,,,,85425.20461058617,0.0001
7059444,8331,4300.0,,,,,,,,85434.19927954674,0.0001
7060157,8332,4275.0,,,,,,,,85443.18973135948,0.0001
7061515,8333,12575.0,,,,,,,,85459.98799490929,0.0001
7062972,8334,12750.0,,,,,,,,85477.93055009842,0.0001
7064380,8335,11600.0,,,,,,,,85495.4274225235,0.0001
7066758,8336,15800.0,,,,,,,,85524.95502591133,0.0001
7067976,8337,7925.0,,,,,,,,85540.04055643082,0.0001
7069137,8338,11525.0,,,,,,,,85554.53761196136,0.0001
7069936,8339,7825.0,,,,,,,,85564.39789915085,0.0001
7071748,8340,11700.0,,,,,,,,85586.73661541939,0.0001
7073535,8341,12300.0,,,,,,,,85608.74789237976,0.0001
7074791,8342,8175.0,,,,,,,,85624.308873415,0.0001
7076192,8343,12100.0,,,,,,,,85641.82341623306,0.0001
7077915,8344,14925.0,,,,,,,,85663.05086755753,0.0001
7078727,8345,7725.0,,,,,,,,85673.13385915756,0.0001
7080353,8346,12200.0,,,,,,,,85693.30833601952,0.0001
7081858,8347,12150.0,,,,,,,,85711.84699559212,0.0001
7082977,8348,4350.0,,,,,,,,85725.61634898186,0.0001
7084954,8349,14975.0,,,,,,,,85749.83411979675,0.0001
7086217,8350,975.0,,,,,,,,85765.50602555275,0.0001
7087100,8351,4425.0,,,,,,,,85776.39232850075,0.0001
7088746,8352,12650.0,,,,,,,,85796.76169633865,0.0001
7090326,8353,12075.0,,,,,,,,85816.24817848206,0.0001
7091040,8354,4575.0,,,,,,,,85825.17435979843,0.0001
7092500,8355,11575.0,,,,,,,,85843.20408344269,0.0001
7093551,8356,4325.0,,,,,,,,85856.26581120491,0.0001
7094856,8357,12125.0,,,,,,,,85872.40596580505,0.0001
7096953,8358,12200.0,,,,,,,,85898.56358337402,0.0001
7098403,8359,8050.0,,,,,,,,85916.53361582756,0.0001
7099749,8360,7725.0,,,,,,,,85933.25617527962,0.0001
7100867,8361,11925.0,,,,,,,,85947.0834953785,0.0001
7102844,8362,11900.0,,,,,,,,85971.53021502495,0.0001
7104299,8363,15850.0,,,,,,,,85989.41903805733,0.0001
7106618,8364,15250.0,,,,,,,,86018.12186098099,0.0001
7108534,8365,13075.0,,,,,,,,86041.84553170204,0.0001
7109899,8366,11525.0,,,,,,,,86058.71220803261,0.0001
7111741,8367,11625.0,,,,,,,,86081.55544018745,0.0001
7112998,8368,11450.0,,,,,,,,86097.19742393494,0.0001
7114472,8369,11675.0,,,,,,,,86115.38582921028,0.0001
7115930,8370,12075.0,,,,,,,,86133.45446324348,0.0001
7117759,8371,15625.0,,,,,,,,86156.06160545349,0.0001
7118864,8372,11450.0,,,,,,,,86169.81045365334,0.0001
7120756,8373,15875.0,,,,,,,,86193.14124011993,0.0001
7122704,8374,15575.0,,,,,,,,86217.17638516426,0.0001
7124060,8375,12175.0,,,,,,,,86233.90555644035,0.0001
7125298,8376,8000.0,,,,,,,,86249.22525882721,0.0001
7126897,8377,12225.0,,,,,,,,86269.06473588943,0.0001
7127670,8378,7725.0,,,,,,,,86278.57614660263,0.0001
7129130,8379,8425.0,,,,,,,,86296.65321755409,0.0001
7130845,8380,15425.0,,,,,,,,86317.87795877457,0.0001
7132117,8381,12050.0,,,,,,,,86333.45344614983,0.0001
7133524,8382,12125.0,,,,,,,,86350.81839609146,0.0001
7135061,8383,15850.0,,,,,,,,86369.81813979149,0.0001
7136452,8384,11650.0,,,,,,,,86387.00866174698,0.0001
7137492,8385,7600.0,,,,,,,,86399.87322473526,0.0001
7138037,8386,350.0,,,,,,,,86406.74425196648,0.0001
7139323,8387,4450.0,,,,,,,,86422.65671467781,0.0001
7140943,8388,12150.0,,,,,,,,86442.65281796455,0.0001
7141900,8389,7875.0,,,,,,,,86454.53700709343,0.0001
7142248,8390,150.0,,,,,,,,86458.9012811184,0.0001
7142709,8391,525.0,,,,,,,,86464.73776006699,0.0001
7143244,8392,650.0,,,,,,,,86471.42738986015,0.0001
7144687,8393,12150.0,,,,,,,,86489.26183652878,0.0001
7145856,8394,11475.0,,,,,,,,86503.87691950798,0.0001
7146320,8395,375.0,,,,,,,,86509.6212887764,0.0001
7147423,8396,11575.0,,,,,,,,86523.28935599327,0.0001
7148164,8397,4525.0,,,,,,,,86532.47787761688,0.0001
7148761,8398,500.0,,,,,,,,86539.99317955971,0.0001
7150472,8399,12150.0,,,,,,,,86561.07647871971,0.0001
7152122,8400,12200.0,,,,,,,,86581.4802596569,0.0001
7153945,8401,11700.0,,,,,,,,86604.09220957756,0.0001
7155595,8402,12500.0,,,,,,,,86624.34877681732,0.0001
7157247,8403,15425.0,,,,,,,,86644.82072472572,0.0001
7158945,8404,11975.0,,,,,,,,86665.85452222824,0.0001
7160592,8405,12225.0,,,,,,,,86686.2353618145,0.0001
7162540,8406,15725.0,,,,,,,,86710.43514752388,0.0001
7163892,8407,11775.0,,,,,,,,86727.15812802315,0.0001
7165519,8408,12200.0,,,,,,,,86747.33945441246,0.0001
7166714,8409,11925.0,,,,,,,,86762.16864013672,0.0001
7168063,8410,11750.0,,,,,,,,86778.88418769836,0.0001
7169722,8411,12775.0,,,,,,,,86799.80329585075,0.0001
7171314,8412,12200.0,,,,,,,,86819.47980332375,0.0001
7172818,8413,12100.0,,,,,,,,86838.13876056671,0.0001
7174105,8414,11500.0,,,,,,,,86854.13283395767,0.0001
7175728,8415,12175.0,,,,,,,,86874.19417476654,0.0001
7176376,8416,4250.0,,,,,,,,86882.14418745041,0.0001
7178356,8417,12525.0,,,,,,,,86906.6922776699,0.0001
7180124,8418,15300.0,,,,,,,,86928.6453256607,0.0001
7181863,8419,11975.0,,,,,,,,86950.23271489143,0.0001
7184043,8420,15650.0,,,,,,,,86977.34522628784,0.0001
7184843,8421,4325.0,,,,,,,,86987.28546500206,0.0001
7186447,8422,11525.0,,,,,,,,87007.28475284576,0.0001
7188110,8423,12300.0,,,,,,,,87027.84955787659,0.0001
7188814,8424,575.0,,,,,,,,87036.6827390194,0.0001
7189445,8425,4325.0,,,,,,,,87044.5457854271,0.0001
7191300,8426,15650.0,,,,,,,,87067.54360461235,0.0001
7192860,8427,12200.0,,,,,,,,87086.95751070976,0.0001
7194070,8428,11725.0,,,,,,,,87101.9765226841,0.0001
7195402,8429,11700.0,,,,,,,,87118.5940964222,0.0001
7196762,8430,12175.0,,,,,,,,87135.49063420296,0.0001
7198436,8431,15750.0,,,,,,,,87156.2553498745,0.0001
7199612,8432,11375.0,,,,,,,,87170.84417772293,0.0001
7201022,8433,11700.0,,,,,,,,87188.41816449165,0.0001
7202281,8434,11600.0,,,,,,,,87204.00890254974,0.0001
7203294,8435,4325.0,,,,,,,,87216.67107057571,0.0001
7204172,8436,4550.0,,,,,,,,87227.53266406059,0.0001
7205535,8437,8150.0,,,,,,,,87244.39164376259,0.0001
7206581,8438,8425.0,,,,,,,,87257.40707421303,0.0001
7207958,8439,12125.0,,,,,,,,87274.48022580147,0.0001
7209254,8440,11600.0,,,,,,,,87290.54169416428,0.0001
7210821,8441,12100.0,,,,,,,,87309.91967773438,0.0001
7212385,8442,12500.0,,,,,,,,87329.25889515877,0.0001
7213224,8443,4450.0,,,,,,,,87339.72058653831,0.0001
7214574,8444,11725.0,,,,,,,,87356.45754361153,0.0001
7216150,8445,8175.0,,,,,,,,87376.0076880455,0.0001
7217604,8446,11625.0,,,,,,,,87393.99743366241,0.0001
7218742,8447,11500.0,,,,,,,,87408.0627155304,0.0001
7219616,8448,650.0,,,,,,,,87418.68451499939,0.0001
7220594,8449,4275.0,,,,,,,,87430.68274641037,0.0001
7221540,8450,4475.0,,,,,,,,87442.37291741371,0.0001
7223091,8451,12175.0,,,,,,,,87461.66310358047,0.0001
7224673,8452,12450.0,,,,,,,,87481.31888818741,0.0001
7225863,8453,11550.0,,,,,,,,87496.14709186554,0.0001
7227125,8454,11875.0,,,,,,,,87511.5363702774,0.0001
7228196,8455,4425.0,,,,,,,,87524.51141119003,0.0001
7229147,8456,4325.0,,,,,,,,87536.26335954666,0.0001
7230883,8457,12200.0,,,,,,,,87557.74855399132,0.0001
7232360,8458,11650.0,,,,,,,,87576.09844279289,0.0001
7234225,8459,12300.0,,,,,,,,87599.19948911667,0.0001
7235510,8460,11525.0,,,,,,,,87615.18388772011,0.0001
7237052,8461,11375.0,,,,,,,,87634.31853556633,0.0001
7238774,8462,12150.0,,,,,,,,87655.65795183182,0.0001
7240640,8463,12250.0,,,,,,,,87678.65928554535,0.0001
7242023,8464,12200.0,,,,,,,,87695.79687929153,0.0001
7243543,8465,11975.0,,,,,,,,87714.59051513672,0.0001
7245120,8466,11675.0,,,,,,,,87734.12176799774,0.0001
7246618,8467,9100.0,,,,,,,,87752.57896924019,0.0001
7247861,8468,11475.0,,,,,,,,87768.084597826,0.0001
7248840,8469,4400.0,,,,,,,,87780.28182005882,0.0001
7249572,8470,4225.0,,,,,,,,87789.33630752563,0.0001
7250605,8471,4400.0,,,,,,,,87802.12811732292,0.0001
7252167,8472,15375.0,,,,,,,,87821.50192856789,0.0001
7253614,8473,11650.0,,,,,,,,87839.41854739189,0.0001
7254927,8474,12100.0,,,,,,,,87855.66439342499,0.0001
7257014,8475,16200.0,,,,,,,,87881.54276514053,0.0001
7258838,8476,12300.0,,,,,,,,87904.15732979774,0.0001
7259761,8477,7900.0,,,,,,,,87915.68207192421,0.0001
7261489,8478,12200.0,,,,,,,,87937.28203201294,0.0001
7263137,8479,12125.0,,,,,,,,87957.67464137077,0.0001
7264680,8480,14850.0,,,,,,,,87976.7497742176,0.0001
7266540,8481,11650.0,,,,,,,,87999.76133465767,0.0001
7268615,8482,15550.0,,,,,,,,88025.40525722504,0.0001
7269743,8483,11500.0,,,,,,,,88039.37395215034,0.0001
7270635,8484,4450.0,,,,,,,,88050.47107887268,0.0001
7272209,8485,11675.0,,,,,,,,88069.94699263573,0.0001
7273935,8486,12125.0,,,,,,,,88091.02729511261,0.0001
7275847,8487,12200.0,,,,,,,,88114.29778957367,0.0001
7277479,8488,15350.0,,,,,,,,88134.63934206963,0.0001
7278688,8489,11200.0,,,,,,,,88149.63801312447,0.0001
7279779,8490,8000.0,,,,,,,,88163.17489171028,0.0001
7281017,8491,11475.0,,,,,,,,88178.61107850075,0.0001
7281525,8492,3950.0,,,,,,,,88184.96532464027,0.0001
7283096,8493,12225.0,,,,,,,,88204.34420347214,0.0001
7285168,8494,12775.0,,,,,,,,88230.05074357986,0.0001
7287000,8495,12175.0,,,,,,,,88252.6952111721,0.0001
7287849,8496,4800.0,,,,,,,,88263.36230945587,0.0001
7290034,8497,15975.0,,,,,,,,88290.2662961483,0.0001
7290551,8498,400.0,,,,,,,,88296.6346476078,0.0001
7292200,8499,12650.0,,,,,,,,88316.90218758583,0.0001
7294077,8500,16200.0,,,,,,,,88340.15905117989,0.0001
7295608,8501,11650.0,,,,,,,,88359.14837956429,0.0001
7297518,8502,15825.0,,,,,,,,88382.81042265892,0.0001
7298836,8503,11900.0,,,,,,,,88399.1641972065,0.0001
7299539,8504,4275.0,,,,,,,,88407.95781493187,0.0001
7300421,8505,4525.0,,,,,,,,88418.91090297699,0.0001
7302029,8506,11600.0,,,,,,,,88438.82147717476,0.0001
7303904,8507,12650.0,,,,,,,,88462.0466697216,0.0001
7305138,8508,8125.0,,,,,,,,88477.35677242279,0.0001
7306705,8509,15350.0,,,,,,,,88496.75690317154,0.0001
7308387,8510,12200.0,,,,,,,,88517.62536501884,0.0001
7309780,8511,11825.0,,,,,,,,88534.75619959831,0.0001
7311849,8512,15975.0,,,,,,,,88560.43912243843,0.0001
7313150,8513,11575.0,,,,,,,,88576.61854171753,0.0001
7314097,8514,7775.0,,,,,,,,88588.43308258057,0.0001
7314554,8515,650.0,,,,,,,,88594.1121006012,0.0001
7316146,8516,15400.0,,,,,,,,88613.90831589699,0.0001
7317500,8517,12100.0,,,,,,,,88630.76588344574,0.0001
7319732,8518,12700.0,,,,,,,,88658.54222607613,0.0001
7320862,8519,8150.0,,,,,,,,88672.70609688759,0.0001
7322215,8520,12050.0,,,,,,,,88689.60708713531,0.0001
7323646,8521,14850.0,,,,,,,,88707.39641022682,0.0001
7324832,8522,11425.0,,,,,,,,88722.17192840576,0.0001
7326702,8523,11625.0,,,,,,,,88745.48463606834,0.0001
7328664,8524,16025.0,,,,,,,,88769.81105279922,0.0001
7329326,8525,4450.0,,,,,,,,88778.11939191818,0.0001
7331184,8526,15450.0,,,,,,,,88801.08893418312,0.0001
7332659,8527,12100.0,,,,,,,,88819.3858988285,0.0001
7333940,8528,8050.0,,,,,,,,88835.31156468391,0.0001
7335583,8529,12725.0,,,,,,,,88855.74193525314,0.0001
7336747,8530,4500.0,,,,,,,,88870.30056118965,0.0001
7337308,8531,975.0,,,,,,,,88877.27552986145,0.0001
7339307,8532,12800.0,,,,,,,,88902.0516614914,0.0001
7340717,8533,12175.0,,,,,,,,88919.57107281685,0.0001
7342287,8534,16425.0,,,,,,,,88938.96648144722,0.0001
7344031,8535,12775.0,,,,,,,,88960.52812814713,0.0001
7345262,8536,11175.0,,,,,,,,88975.85144543648,0.0001
7346701,8537,15400.0,,,,,,,,88993.64937925339,0.0001
7348291,8538,12750.0,,,,,,,,89013.3489370346,0.0001
7349747,8539,12200.0,,,,,,,,89031.32500481606,0.0001
7350756,8540,11575.0,,,,,,,,89043.8573539257,0.0001
7351340,8541,850.0,,,,,,,,89051.16716837883,0.0001
7352583,8542,11575.0,,,,,,,,89066.59298014641,0.0001
7353764,8543,8425.0,,,,,,,,89081.1869199276,0.0001
7355024,8544,8050.0,,,,,,,,89096.77819609642,0.0001
7355520,8545,300.0,,,,,,,,89102.99828529358,0.0001
7356630,8546,11950.0,,,,,,,,89116.6670114994,0.0001
7358028,8547,11725.0,,,,,,,,89133.99381518364,0.0001
7358640,8548,4150.0,,,,,,,,89141.65782594681,0.0001
7360128,8549,12025.0,,,,,,,,89160.01633453369,0.0001
7361319,8550,7800.0,,,,,,,,89174.74215722084,0.0001
7363416,8551,15825.0,,,,,,,,89200.56819033623,0.0001
7364218,8552,7725.0,,,,,,,,89210.54725837708,0.0001
7365931,8553,15525.0,,,,,,,,89231.62151455879,0.0001
7366646,8554,425.0,,,,,,,,89240.5170879364,0.0001
7368099,8555,12175.0,,,,,,,,89258.35044312477,0.0001
7368592,8556,375.0,,,,,,,,89264.5252366066,0.0001
7369078,8557,725.0,,,,,,,,89270.57963085175,0.0001
7369875,8558,1100.0,,,,,,,,89280.4563024044,0.0001
7371396,8559,12175.0,,,,,,,,89299.34265375137,0.0001
7372154,8560,4350.0,,,,,,,,89308.72361803055,0.0001
7372556,8561,650.0,,,,,,,,89313.6919066906,0.0001
7374420,8562,12500.0,,,,,,,,89336.77262544632,0.0001
7376187,8563,16025.0,,,,,,,,89358.56601452827,0.0001
7378180,8564,16200.0,,,,,,,,89383.22237801552,0.0001
7379783,8565,15475.0,,,,,,,,89403.03356218338,0.0001
7381423,8566,12300.0,,,,,,,,89423.33165955544,0.0001
7382815,8567,12175.0,,,,,,,,89440.57626342773,0.0001
7384081,8568,12050.0,,,,,,,,89456.27754759789,0.0001
7385622,8569,12225.0,,,,,,,,89475.3604080677,0.0001
7387237,8570,15525.0,,,,,,,,89495.34399914742,0.0001
7388522,8571,8100.0,,,,,,,,89511.34875416756,0.0001
7390184,8572,12150.0,,,,,,,,89531.9238293171,0.0001
7390951,8573,4450.0,,,,,,,,89541.44420027733,0.0001
7392475,8574,12200.0,,,,,,,,89560.25989890099,0.0001
7393570,8575,11450.0,,,,,,,,89573.87629318237,0.0001
7395252,8576,12425.0,,,,,,,,89594.75207996368,0.0001
7396519,8577,12150.0,,,,,,,,89610.49130797386,0.0001
7398005,8578,12125.0,,,,,,,,89628.89616727829,0.0001
7399680,8579,15425.0,,,,,,,,89649.6000635624,0.0001
7401288,8580,12225.0,,,,,,,,89669.47900390625,0.0001
7402419,8581,11300.0,,,,,,,,89683.55433011055,0.0001
7403995,8582,15350.0,,,,,,,,89702.99069619179,0.0001
7405448,8583,11725.0,,,,,,,,89720.86062765121,0.0001
7406413,8584,4275.0,,,,,,,,89732.72904276848,0.0001
7407837,8585,11675.0,,,,,,,,89750.24609804153,0.0001
7408551,8586,4325.0,,,,,,,,89759.046864748,0.0001
7410592,8587,15500.0,,,,,,,,89784.17072033882,0.0001
7412279,8588,12225.0,,,,,,,,89805.01263284683,0.0001
7413230,8589,7875.0,,,,,,,,89816.77359962463,0.0001
7414706,8590,11975.0,,,,,,,,89834.89242458344,0.0001
7415821,8591,11375.0,,,,,,,,89848.71450781822,0.0001
7416935,8592,4275.0,,,,,,,,89862.63918495178,0.0001
7418289,8593,12125.0,,,,,,,,89879.48169898987,0.0001
7419578,8594,12125.0,,,,,,,,89895.41241645813,0.0001
7421351,8595,12200.0,,,,,,,,89917.28400325775,0.0001
7422905,8596,12100.0,,,,,,,,89936.51978468895,0.0001
7424434,8597,8550.0,,,,,,,,89955.4417052269,0.0001
7426401,8598,15450.0,,,,,,,,89979.75482273102,0.0001
7428312,8599,9050.0,,,,,,,,90003.39321398735,0.0001
7429949,8600,12025.0,,,,,,,,90023.81017041206,0.0001
7431873,8601,15350.0,,,,,,,,90047.6193253994,0.0001
7433586,8602,15475.0,,,,,,,,90068.49982118607,0.0001
7435688,8603,15800.0,,,,,,,,90093.89938998222,0.0001
7436866,8604,12150.0,,,,,,,,90108.16941285133,0.0001
7438511,8605,15475.0,,,,,,,,90128.6297698021,0.0001
7440078,8606,7975.0,,,,,,,,90147.98837423325,0.0001
7441599,8607,12225.0,,,,,,,,90166.74466180801,0.0001
7442571,8608,4050.0,,,,,,,,90178.80903172493,0.0001
7444033,8609,12200.0,,,,,,,,90197.08449316025,0.0001
7445404,8610,12175.0,,,,,,,,90214.07961583138,0.0001
7446888,8611,12000.0,,,,,,,,90232.49768733978,0.0001
7447930,8612,8050.0,,,,,,,,90245.46541833878,0.0001
7449214,8613,11500.0,,,,,,,,90261.45239400864,0.0001
7450598,8614,15325.0,,,,,,,,90278.57925152779,0.0001
7451331,8615,300.0,,,,,,,,90287.66885566711,0.0001
7452277,8616,7900.0,,,,,,,,90299.38345479965,0.0001
7453379,8617,4425.0,,,,,,,,90312.98966598511,0.0001
7454399,8618,7900.0,,,,,,,,90325.66291546822,0.0001
7455578,8619,11375.0,,,,,,,,90340.28042960167,0.0001
7457922,8620,12875.0,,,,,,,,90369.3394651413,0.0001
7459615,8621,15925.0,,,,,,,,90390.4338850975,0.0001
7461105,8622,11625.0,,,,,,,,90408.80219650269,0.0001
7462720,8623,15875.0,,,,,,,,90428.84643912315,0.0001
7464334,8624,12200.0,,,,,,,,90448.92665362358,0.0001
7464830,8625,3950.0,,,,,,,,90455.14910316467,0.0001
7465638,8626,4425.0,,,,,,,,90465.19069576263,0.0001
7466697,8627,7975.0,,,,,,,,90478.42565751076,0.0001
7468108,8628,12275.0,,,,,,,,90495.8095831871,0.0001
7469809,8629,15175.0,,,,,,,,90516.92400932312,0.0001
7471694,8630,15650.0,,,,,,,,90540.33998966217,0.0001
7473143,8631,15325.0,,,,,,,,90558.29077553749,0.0001
7474163,8632,8075.0,,,,,,,,90570.9685356617,0.0001
7474707,8633,675.0,,,,,,,,90577.76459360123,0.0001
7475610,8634,11225.0,,,,,,,,90588.98803758621,0.0001
7477314,8635,15925.0,,,,,,,,90610.02761864662,0.0001
7478439,8636,8450.0,,,,,,,,90624.09492397308,0.0001
7480088,8637,12675.0,,,,,,,,90644.5490989685,0.0001
7482320,8638,16500.0,,,,,,,,90672.09493255615,0.0001
7484022,8639,15050.0,,,,,,,,90693.13686490059,0.0001
7484357,8640,500.0,,,,,,,,90697.32630419731,0.0001
7485666,8641,12350.0,,,,,,,,90713.46242046356,0.0001
7487256,8642,12200.0,,,,,,,,90733.17489361763,0.0001
7488942,8643,15525.0,,,,,,,,90754.15231776237,0.0001
7490275,8644,11700.0,,,,,,,,90770.63183999062,0.0001
7491893,8645,15950.0,,,,,,,,90790.66367006302,0.0001
7493252,8646,12125.0,,,,,,,,90807.50086212158,0.0001
7495150,8647,14925.0,,,,,,,,90831.00504279137,0.0001
7496256,8648,4725.0,,,,,,,,90844.72195076942,0.0001
7498033,8649,16075.0,,,,,,,,90866.8163638115,0.0001
7499564,8650,15875.0,,,,,,,,90885.75950074196,0.0001
7501292,8651,12700.0,,,,,,,,90907.2256155014,0.0001
7503112,8652,12200.0,,,,,,,,90929.65697979927,0.0001
7504163,8653,12025.0,,,,,,,,90942.71480965614,0.0001
7506308,8654,15375.0,,,,,,,,90969.2258708477,0.0001
7508147,8655,16400.0,,,,,,,,90992.06728410721,0.0001
7509155,8656,11225.0,,,,,,,,91004.55834913254,0.0001
7509754,8657,4275.0,,,,,,,,91012.05481433868,0.0001
7511168,8658,15350.0,,,,,,,,91029.62161922455,0.0001
7512551,8659,12125.0,,,,,,,,91046.81973838806,0.0001
7513278,8660,4350.0,,,,,,,,91055.81683897972,0.0001
7514029,8661,4425.0,,,,,,,,91065.11289167404,0.0001
7515558,8662,12200.0,,,,,,,,91083.85585212708,0.0001
7516687,8663,8025.0,,,,,,,,91097.59015083313,0.0001
7518507,8664,12100.0,,,,,,,,91119.68484091759,0.0001
7519464,8665,7900.0,,,,,,,,91131.4652504921,0.0001
7520925,8666,16725.0,,,,,,,,91149.62674975395,0.0001
7522126,8667,11950.0,,,,,,,,91164.51042962074,0.0001
7523056,8668,4200.0,,,,,,,,91176.02671122551,0.0001
7524463,8669,14925.0,,,,,,,,91193.3533668518,0.0001
7525707,8670,8475.0,,,,,,,,91208.70944523811,0.0001
7527345,8671,15425.0,,,,,,,,91228.95109963417,0.0001
7528693,8672,8500.0,,,,,,,,91245.57439994812,0.0001
7530207,8673,8475.0,,,,,,,,91264.26124715805,0.0001
7530843,8674,425.0,,,,,,,,91272.18471169472,0.0001
7531876,8675,7825.0,,,,,,,,91285.14100885391,0.0001
7533409,8676,12150.0,,,,,,,,91304.14228153229,0.0001
7534504,8677,7975.0,,,,,,,,91317.57709956169,0.0001
7535809,8678,12050.0,,,,,,,,91333.89934015274,0.0001
7536219,8679,475.0,,,,,,,,91339.04691767693,0.0001
7537818,8680,14975.0,,,,,,,,91358.87372922897,0.0001
7539252,8681,15350.0,,,,,,,,91376.67373895645,0.0001
7540042,8682,4400.0,,,,,,,,91386.51094198227,0.0001
7541405,8683,8375.0,,,,,,,,91403.39728283882,0.0001
7543176,8684,15675.0,,,,,,,,91425.46946716309,0.0001
7545198,8685,12650.0,,,,,,,,91450.3862836361,0.0001
7545734,8686,3950.0,,,,,,,,91457.0068051815,0.0001
7547790,8687,12550.0,,,,,,,,91482.43939900398,0.0001
7549623,8688,12050.0,,,,,,,,91505.2147500515,0.0001
7551690,8689,11550.0,,,,,,,,91530.77685928345,0.0001
7552699,8690,11325.0,,,,,,,,91543.21060824394,0.0001
7554032,8691,12150.0,,,,,,,,91559.4725883007,0.0001
7555462,8692,11575.0,,,,,,,,91577.24643087387,0.0001
7557167,8693,12200.0,,,,,,,,91598.1968126297,0.0001
7558779,8694,12175.0,,,,,,,,91618.15510582924,0.0001
7560389,8695,15825.0,,,,,,,,91638.20062565804,0.0001
7561663,8696,12450.0,,,,,,,,91653.99913287163,0.0001
7562906,8697,12125.0,,,,,,,,91669.47855138779,0.0001
7563672,8698,4450.0,,,,,,,,91678.9682238102,0.0001
7565273,8699,12200.0,,,,,,,,91698.7934179306,0.0001
7566310,8700,8075.0,,,,,,,,91711.54054188728,0.0001
7567395,8701,8300.0,,,,,,,,91725.00476002693,0.0001
7568857,8702,12025.0,,,,,,,,91743.22932505608,0.0001
7570543,8703,15500.0,,,,,,,,91764.06941509247,0.0001
7572308,8704,11950.0,,,,,,,,91785.83395600319,0.0001
7573723,8705,11950.0,,,,,,,,91803.45419406891,0.0001
7575287,8706,12625.0,,,,,,,,91822.81382274628,0.0001
7576559,8707,11525.0,,,,,,,,91838.55747938156,0.0001
7577301,8708,4225.0,,,,,,,,91847.86763334274,0.0001
7577867,8709,675.0,,,,,,,,91854.9944190979,0.0001
7579628,8710,14975.0,,,,,,,,91876.72867846489,0.0001
7581324,8711,15375.0,,,,,,,,91897.80218958855,0.0001
7582749,8712,15350.0,,,,,,,,91915.47591209412,0.0001
7583884,8713,11375.0,,,,,,,,91929.57543802261,0.0001
7584915,8714,8100.0,,,,,,,,91942.41209840775,0.0001
7585422,8715,675.0,,,,,,,,91948.73245763779,0.0001
7586927,8716,12225.0,,,,,,,,91967.41772985458,0.0001
7588729,8717,16025.0,,,,,,,,91989.6777074337,0.0001
7589979,8718,12200.0,,,,,,,,92005.09899616241,0.0001
7591363,8719,11750.0,,,,,,,,92022.26707363129,0.0001
7592583,8720,11950.0,,,,,,,,92037.36638259888,0.0001
7593106,8721,425.0,,,,,,,,92043.90852713585,0.0001
7594555,8722,8575.0,,,,,,,,92061.85378170013,0.0001
7596012,8723,12100.0,,,,,,,,92079.80924296379,0.0001
7598709,8724,19525.0,,,,,,,,92113.20364713669,0.0001
7599982,8725,11700.0,,,,,,,,92129.01576900482,0.0001
7601529,8726,12525.0,,,,,,,,92148.26055550575,0.0001
7603333,8727,16375.0,,,,,,,,92170.46213746071,0.0001
7604786,8728,12150.0,,,,,,,,92188.40771818161,0.0001
7606664,8729,15975.0,,,,,,,,92211.72778224945,0.0001
7607450,8730,4425.0,,,,,,,,92221.48930621147,0.0001
7609399,8731,16075.0,,,,,,,,92245.59840607643,0.0001
7610846,8732,12200.0,,,,,,,,92263.72089242935,0.0001
7612550,8733,15675.0,,,,,,,,92284.7958881855,0.0001
7613793,8734,11400.0,,,,,,,,92300.17564201355,0.0001
7615449,8735,15625.0,,,,,,,,92320.77173900604,0.0001
7616432,8736,1150.0,,,,,,,,92332.94109416008,0.0001
7618124,8737,15525.0,,,,,,,,92354.02315330505,0.0001
7620504,8738,15650.0,,,,,,,,92383.49109768867,0.0001
7622221,8739,15075.0,,,,,,,,92404.80102992058,0.0001
7623248,8740,8050.0,,,,,,,,92417.49084115028,0.0001
7624659,8741,12200.0,,,,,,,,92435.04663610458,0.0001
7626057,8742,12175.0,,,,,,,,92452.38873243332,0.0001
7627389,8743,12000.0,,,,,,,,92468.88961172104,0.0001
7627735,8744,550.0,,,,,,,,92473.26289582253,0.0001
7629291,8745,15525.0,,,,,,,,92492.43325328827,0.0001
7629841,8746,600.0,,,,,,,,92499.3502380848,0.0001
7631216,8747,12250.0,,,,,,,,92516.4185218811,0.0001
7632332,8748,8100.0,,,,,,,,92530.29678273201,0.0001
7634063,8749,15775.0,,,,,,,,92551.64719676971,0.0001
7635588,8750,12200.0,,,,,,,,92570.61418652534,0.0001
7636437,8751,4425.0,,,,,,,,92581.12547278404,0.0001
7638490,8752,15950.0,,,,,,,,92606.4778046608,0.0001
7640265,8753,16100.0,,,,,,,,92628.42023324966,0.0001
7641211,8754,8450.0,,,,,,,,92640.21328377724,0.0001
7642857,8755,15550.0,,,,,,,,92660.5596973896,0.0001
7643767,8756,8150.0,,,,,,,,92671.90039587021,0.0001
7645024,8757,12075.0,,,,,,,,92687.50993394852,0.0001
7646386,8758,11675.0,,,,,,,,92704.3608558178,0.0001
7648022,8759,11650.0,,,,,,,,92724.67085528374,0.0001
7649792,8760,15850.0,,,,,,,,92746.51986527443,0.0001
7651682,8761,16075.0,,,,,,,,92770.01744627953,0.0001
7653495,8762,12300.0,,,,,,,,92792.54784059525,0.0001
7654705,8763,8550.0,,,,,,,,92807.61682629585,0.0001
7655653,8764,4300.0,,,,,,,,92819.44754648209,0.0001
7657231,8765,12150.0,,,,,,,,92838.96558856964,0.0001
7658973,8766,14975.0,,,,,,,,92860.46307969093,0.0001
7660285,8767,13125.0,,,,,,,,92876.75983643532,0.0001
7661556,8768,11675.0,,,,,,,,92892.53377985954,0.0001
7663089,8769,12125.0,,,,,,,,92911.67214035988,0.0001
7664621,8770,7550.0,,,,,,,,92930.69825863838,0.0001
7665025,8771,150.0,,,,,,,,92935.71453881264,0.0001
7666737,8772,15475.0,,,,,,,,92956.9539282322,0.0001
7668155,8773,11600.0,,,,,,,,92974.57346177101,0.0001
7670232,8774,15625.0,,,,,,,,93000.24350523949,0.0001
7671034,8775,7850.0,,,,,,,,93010.21741366386,0.0001
7672973,8776,16300.0,,,,,,,,93034.19223237038,0.0001
7674802,8777,15900.0,,,,,,,,93056.86217188835,0.0001
7676458,8778,15625.0,,,,,,,,93077.38666343689,0.0001
7677172,8779,4325.0,,,,,,,,93086.27299642563,0.0001
7678517,8780,12075.0,,,,,,,,93103.07215428352,0.0001
7680107,8781,12150.0,,,,,,,,93122.64616560936,0.0001
7680691,8782,375.0,,,,,,,,93130.01582145691,0.0001
7681444,8783,4150.0,,,,,,,,93139.37019443512,0.0001
7682394,8784,7325.0,,,,,,,,93151.25180053711,0.0001
7684092,8785,12250.0,,,,,,,,93172.34009718895,0.0001
7685236,8786,8475.0,,,,,,,,93186.57387471199,0.0001
7686637,8787,11700.0,,,,,,,,93204.00511288643,0.0001
7688760,8788,15525.0,,,,,,,,93230.38388609886,0.0001
7690239,8789,7750.0,,,,,,,,93248.75852632523,0.0001
7692206,8790,15650.0,,,,,,,,93273.1651353836,0.0001
7693439,8791,12050.0,,,,,,,,93288.46895956993,0.0001
7693760,8792,175.0,,,,,,,,93292.50596690178,0.0001
7694889,8793,7950.0,,,,,,,,93306.59626030922,0.0001
7695784,8794,4525.0,,,,,,,,93317.76298379898,0.0001
7697309,8795,12025.0,,,,,,,,93336.69407248497,0.0001
7698601,8796,8100.0,,,,,,,,93352.68252253532,0.0001
7700029,8797,11475.0,,,,,,,,93370.36136364937,0.0001
7701764,8798,15925.0,,,,,,,,93391.93909335136,0.0001
7703186,8799,12400.0,,,,,,,,93409.59430885315,0.0001
7704746,8800,15150.0,,,,,,,,93428.92332172394,0.0001
7706623,8801,15300.0,,,,,,,,93452.16446971893,0.0001
7708273,8802,11925.0,,,,,,,,93472.67678976059,0.0001
7709880,8803,14975.0,,,,,,,,93492.54220747948,0.0001
7711308,8804,14925.0,,,,,,,,93510.22625613213,0.0001
7713141,8805,16275.0,,,,,,,,93532.96725201607,0.0001
7714879,8806,15400.0,,,,,,,,93554.05020999908,0.0001
7715411,8807,375.0,,,,,,,,93560.66650891304,0.0001
7716654,8808,11500.0,,,,,,,,93576.09333920479,0.0001
7717463,8809,4400.0,,,,,,,,93586.17050766945,0.0001
7719386,8810,15825.0,,,,,,,,93610.01712799072,0.0001
7720731,8811,8950.0,,,,,,,,93626.72082853317,0.0001
7722325,8812,11925.0,,,,,,,,93646.50872015953,0.0001
7723639,8813,12125.0,,,,,,,,93662.8772046566,0.0001
7725053,8814,15350.0,,,,,,,,93680.2608165741,0.0001
7726358,8815,12100.0,,,,,,,,93696.26837086678,0.0001
7728332,8816,16100.0,,,,,,,,93720.70393633842,0.0001
7729820,8817,15400.0,,,,,,,,93739.17506623268,0.0001
7731252,8818,8375.0,,,,,,,,93756.98753714561,0.0001
7732587,8819,8125.0,,,,,,,,93773.54746866226,0.0001
7733820,8820,11675.0,,,,,,,,93788.89926195145,0.0001
7735254,8821,11775.0,,,,,,,,93806.7736582756,0.0001
7736559,8822,12050.0,,,,,,,,93823.0365486145,0.0001
7738086,8823,15375.0,,,,,,,,93841.94118118286,0.0001
7739424,8824,11575.0,,,,,,,,93858.60852217674,0.0001
7741094,8825,14950.0,,,,,,,,93879.23941516876,0.0001
7741904,8826,7600.0,,,,,,,,93889.21364831924,0.0001
7742526,8827,400.0,,,,,,,,93896.9722468853,0.0001
7744026,8828,15550.0,,,,,,,,93915.43320894241,0.0001
7745475,8829,8550.0,,,,,,,,93933.38339328766,0.0001
7747673,8830,16075.0,,,,,,,,93960.62504029274,0.0001
7748154,8831,275.0,,,,,,,,93966.62712335587,0.0001
7749075,8832,4500.0,,,,,,,,93978.00283098221,0.0001
7750229,8833,11600.0,,,,,,,,93992.34780979156,0.0001
7751374,8834,11550.0,,,,,,,,94006.56461071968,0.0001
7752070,8835,4375.0,,,,,,,,94015.23104310036,0.0001
7753741,8836,12200.0,,,,,,,,94035.95585393906,0.0001
7755033,8837,11625.0,,,,,,,,94051.93675851822,0.0001
7755666,8838,325.0,,,,,,,,94059.81615328789,0.0001
7756632,8839,275.0,,,,,,,,94071.85912418365,0.0001
7757816,8840,11650.0,,,,,,,,94086.44519495964,0.0001
7759092,8841,11600.0,,,,,,,,94102.23745536804,0.0001
7759996,8842,4100.0,,,,,,,,94113.51961326599,0.0001
7761972,8843,15700.0,,,,,,,,94137.91065001488,0.0001
7762766,8844,4375.0,,,,,,,,94147.69111514091,0.0001
7763983,8845,11800.0,,,,,,,,94162.8013920784,0.0001
7765777,8846,15700.0,,,,,,,,94185.08302855492,0.0001
7766614,8847,4500.0,,,,,,,,94195.50926661491,0.0001
7768228,8848,15675.0,,,,,,,,94215.39975309372,0.0001
7769661,8849,12125.0,,,,,,,,94233.21364307404,0.0001
7771094,8850,12200.0,,,,,,,,94251.06646609306,0.0001
7772179,8851,4125.0,,,,,,,,94264.52554798126,0.0001
7773851,8852,15350.0,,,,,,,,94285.25152873993,0.0001
7775212,8853,12075.0,,,,,,,,94302.20633387566,0.0001
7776343,8854,8500.0,,,,,,,,94316.27706432343,0.0001
7777849,8855,8675.0,,,,,,,,94334.99416518211,0.0001
7778926,8856,8050.0,,,,,,,,94348.36932826042,0.0001
7780218,8857,7900.0,,,,,,,,94364.49561333656,0.0001
7782249,8858,12225.0,,,,,,,,94389.76027941704,0.0001
7783200,8859,8100.0,,,,,,,,94401.51840877533,0.0001
7785126,8860,12175.0,,,,,,,,94425.496155262,0.0001
7786667,8861,11800.0,,,,,,,,94444.54119491577,0.0001
7788308,8862,16000.0,,,,,,,,94464.71697831154,0.0001
7789913,8863,12425.0,,,,,,,,94484.10960388184,0.0001
7791787,8864,15575.0,,,,,,,,94506.8596200943,0.0001
7793494,8865,15525.0,,,,,,,,94528.08750462532,0.0001
7795093,8866,15600.0,,,,,,,,94547.95931386948,0.0001
7795848,8867,4350.0,,,,,,,,94557.3597586155,0.0001
7797248,8868,14825.0,,,,,,,,94574.72322130203,0.0001
7798969,8869,15725.0,,,,,,,,94596.08797574043,0.0001
7800387,8870,12200.0,,,,,,,,94613.73405122757,0.0001
7801860,8871,15425.0,,,,,,,,94632.02077507973,0.0001
7803284,8872,15400.0,,,,,,,,94649.72485995293,0.0001
7804873,8873,15500.0,,,,,,,,94669.42944049835,0.0001
7806732,8874,15850.0,,,,,,,,94692.55118608475,0.0001
7808363,8875,12275.0,,,,,,,,94712.77477908134,0.0001
7809821,8876,11775.0,,,,,,,,94730.90834856033,0.0001
7810682,8877,7900.0,,,,,,,,94741.63155460358,0.0001
7811873,8878,8450.0,,,,,,,,94756.36031746864,0.0001
7813875,8879,15475.0,,,,,,,,94781.14651346207,0.0001
7815626,8880,14975.0,,,,,,,,94802.93638634682,0.0001
7817261,8881,15425.0,,,,,,,,94823.19336915016,0.0001
7818772,8882,12000.0,,,,,,,,94841.9484205246,0.0001
7820572,8883,15375.0,,,,,,,,94864.1159825325,0.0001
7822180,8884,15400.0,,,,,,,,94883.98814892769,0.0001
7822673,8885,375.0,,,,,,,,94890.19716787338,0.0001
7824007,8886,11675.0,,,,,,,,94906.69408273697,0.0001
7825606,8887,16075.0,,,,,,,,94926.6997499466,0.0001
7826725,8888,8100.0,,,,,,,,94940.56068730354,0.0001
7827472,8889,675.0,,,,,,,,94949.85918235779,0.0001
7828092,8890,650.0,,,,,,,,94957.50940442085,0.0001
7829123,8891,7900.0,,,,,,,,94970.27836680412,0.0001
7830442,8892,12175.0,,,,,,,,94986.72037744522,0.0001
7832303,8893,13200.0,,,,,,,,95009.81730484962,0.0001
7833542,8894,8150.0,,,,,,,,95025.18864631653,0.0001
7835024,8895,15450.0,,,,,,,,95043.5095076561,0.0001
7836255,8896,11625.0,,,,,,,,95058.74988365173,0.0001
7837187,8897,650.0,,,,,,,,95070.30011487007,0.0001
7838492,8898,11700.0,,,,,,,,95086.58003497124,0.0001
7838979,8899,625.0,,,,,,,,95092.69569420815,0.0001
7840521,8900,14925.0,,,,,,,,95111.97328734398,0.0001
7841808,8901,7850.0,,,,,,,,95127.91936707497,0.0001
7843275,8902,15000.0,,,,,,,,95146.04839253426,0.0001
7843769,8903,4075.0,,,,,,,,95152.2537138462,0.0001
7844661,8904,7925.0,,,,,,,,95163.36594462395,0.0001
7845270,8905,425.0,,,,,,,,95170.97480583191,0.0001
7846429,8906,11700.0,,,,,,,,95185.39331412315,0.0001
7847992,8907,15500.0,,,,,,,,95204.70287489891,0.0001
7848453,8908,300.0,,,,,,,,95210.48184132576,0.0001
7850177,8909,15525.0,,,,,,,,95231.85515832901,0.0001
7851892,8910,8575.0,,,,,,,,95253.05182909966,0.0001
7853575,8911,15525.0,,,,,,,,95273.9439470768,0.0001
7855335,8912,12200.0,,,,,,,,95295.85395860672,0.0001
7857162,8913,15675.0,,,,,,,,95318.49147844315,0.0001
7858513,8914,12225.0,,,,,,,,95335.26215791702,0.0001
7859795,8915,11650.0,,,,,,,,95351.2193198204,0.0001
7860924,8916,8075.0,,,,,,,,95365.18255496025,0.0001
7861619,8917,4300.0,,,,,,,,95373.89545559883,0.0001
7863528,8918,16025.0,,,,,,,,95397.47793841362,0.0001
7865177,8919,12175.0,,,,,,,,95417.98301410675,0.0001
7866635,8920,12200.0,,,,,,,,95436.03475642204,0.0001
7868686,8921,15775.0,,,,,,,,95461.4492316246,0.0001
7869570,8922,4500.0,,,,,,,,95472.49340128899,0.0001
7870987,8923,12700.0,,,,,,,,95490.11337780952,0.0001
7872544,8924,8550.0,,,,,,,,95509.42332458496,0.0001
7874097,8925,11700.0,,,,,,,,95528.7756960392,0.0001
7875749,8926,15550.0,,,,,,,,95549.3400015831,0.0001
7877206,8927,11700.0,,,,,,,,95567.32220482826,0.0001
7879259,8928,15950.0,,,,,,,,95592.65920853615,0.0001
7880639,8929,12175.0,,,,,,,,95609.62140393257,0.0001
7882795,8930,15775.0,,,,,,,,95636.20602750778,0.0001
7883503,8931,650.0,,,,,,,,95645.04702615738,0.0001
7885693,8932,15500.0,,,,,,,,95672.27788543701,0.0001
7886516,8933,850.0,,,,,,,,95682.53743863106,0.0001
7887941,8934,12000.0,,,,,,,,95700.22738790512,0.0001
7889047,8935,11525.0,,,,,,,,95713.91551756859,0.0001
7890496,8936,12000.0,,,,,,,,95731.91954469681,0.0001
7892312,8937,15000.0,,,,,,,,95754.5242471695,0.0001
7893180,8938,7975.0,,,,,,,,95765.33917760849,0.0001
7895256,8939,15600.0,,,,,,,,95790.98599481583,0.0001
7896340,8940,5250.0,,,,,,,,95804.4375360012,0.0001
7897770,8941,11825.0,,,,,,,,95822.28881216049,0.0001
7899480,8942,15075.0,,,,,,,,95843.51205062866,0.0001
7900400,8943,4475.0,,,,,,,,95854.96899628639,0.0001
7901564,8944,11625.0,,,,,,,,95869.35448098183,0.0001
7903235,8945,15625.0,,,,,,,,95889.97830605507,0.0001
7904611,8946,12150.0,,,,,,,,95907.07144761086,0.0001
7906252,8947,16025.0,,,,,,,,95927.36890888214,0.0001
7907487,8948,11500.0,,,,,,,,95942.67035508156,0.0001
7909384,8949,16000.0,,,,,,,,95966.27183914185,0.0001
7910649,8950,11450.0,,,,,,,,95982.04809188843,0.0001
7911891,8951,11550.0,,,,,,,,95997.41394090652,0.0001
7912664,8952,550.0,,,,,,,,96007.08213949203,0.0001
7914041,8953,12150.0,,,,,,,,96024.22429442406,0.0001
7915281,8954,11550.0,,,,,,,,96039.69160914421,0.0001
7916814,8955,15425.0,,,,,,,,96058.66586756706,0.0001
7918116,8956,11725.0,,,,,,,,96074.83178329468,0.0001
7919781,8957,11700.0,,,,,,,,96095.47624135017,0.0001
7920670,8958,4350.0,,,,,,,,96106.62019062042,0.0001
7922179,8959,15400.0,,,,,,,,96125.35163784027,0.0001
7923293,8960,4500.0,,,,,,,,96139.21581029892,0.0001
7924627,8961,15375.0,,,,,,,,96155.85663175583,0.0001
7926252,8962,15450.0,,,,,,,,96175.84655499458,0.0001
7927933,8963,12475.0,,,,,,,,96196.78899002075,0.0001
7929179,8964,12150.0,,,,,,,,96212.18896436691,0.0001
7930222,8965,8025.0,,,,,,,,96225.16966533661,0.0001
7931835,8966,11675.0,,,,,,,,96245.1616461277,0.0001
7933234,8967,8050.0,,,,,,,,96262.50654172897,0.0001
7935080,8968,15650.0,,,,,,,,96285.45090317726,0.0001
7937589,8969,12800.0,,,,,,,,96316.57736730576,0.0001
7938696,8970,4275.0,,,,,,,,96330.20760512352,0.0001
7940233,8971,14825.0,,,,,,,,96349.23694777489,0.0001
7941705,8972,15550.0,,,,,,,,96367.51711082458,0.0001
7942790,8973,7425.0,,,,,,,,96381.05257606506,0.0001
7943895,8974,8075.0,,,,,,,,96394.83463335037,0.0001
7945538,8975,15500.0,,,,,,,,96415.19217681885,0.0001
7947144,8976,16000.0,,,,,,,,96435.07341194153,0.0001
7948128,8977,11350.0,,,,,,,,96447.28020453453,0.0001
7949184,8978,11700.0,,,,,,,,96460.40917491913,0.0001
7950963,8979,15625.0,,,,,,,,96482.34132933617,0.0001
7952262,8980,8550.0,,,,,,,,96498.4971754551,0.0001
7952876,8981,350.0,,,,,,,,96506.19750928879,0.0001
7954046,8982,7750.0,,,,,,,,96520.82391047478,0.0001
7954695,8983,825.0,,,,,,,,96528.84956240654,0.0001
7955809,8984,5250.0,,,,,,,,96542.80531358719,0.0001
7957534,8985,15500.0,,,,,,,,96564.11890912056,0.0001
7959008,8986,11675.0,,,,,,,,96582.39313673973,0.0001
7959693,8987,550.0,,,,,,,,96591.01610469818,0.0001
7961800,8988,16400.0,,,,,,,,96617.05731081963,0.0001
7963493,8989,16075.0,,,,,,,,96638.04188036919,0.0001
7965152,8990,15025.0,,,,,,,,96658.5272090435,0.0001
7966326,8991,8425.0,,,,,,,,96673.09258508682,0.0001
7967734,8992,15425.0,,,,,,,,96690.65194153786,0.0001
7968144,8993,825.0,,,,,,,,96695.8161509037,0.0001
7969676,8994,15075.0,,,,,,,,96714.83471298218,0.0001
7970401,8995,4475.0,,,,,,,,96723.90257287025,0.0001
7971208,8996,7775.0,,,,,,,,96733.8520681858,0.0001
7972936,8997,12175.0,,,,,,,,96755.28369784355,0.0001
7974197,8998,12100.0,,,,,,,,96771.08553051949,0.0001
7975845,8999,15000.0,,,,,,,,96791.41164135933,0.0001
7976935,9000,8500.0,,,,,,,,96805.00646710396,0.0001
7977514,9001,725.0,,,,,,,,96812.24208259583,0.0001
7978156,9002,150.0,,,,,,,,96820.25134086609,0.0001
7979326,9003,7575.0,,,,,,,,96834.85445809364,0.0001
7980688,9004,8625.0,,,,,,,,96851.79740357399,0.0001
7982375,9005,14925.0,,,,,,,,96872.8263721466,0.0001
7983309,9006,4425.0,,,,,,,,96884.43405389786,0.0001
7984210,9007,1000.0,,,,,,,,96895.54682731628,0.0001
7984964,9008,4150.0,,,,,,,,96904.87396931648,0.0001
7986809,9009,16050.0,,,,,,,,96927.86365556717,0.0001
7988235,9010,11425.0,,,,,,,,96945.58726334572,0.0001
7990046,9011,15775.0,,,,,,,,96967.94128775597,0.0001
7991493,9012,15425.0,,,,,,,,96985.85889434814,0.0001
7992214,9013,4550.0,,,,,,,,96994.788356781,0.0001
7993590,9014,12225.0,,,,,,,,97011.90802168846,0.0001
7995235,9015,14825.0,,,,,,,,97032.36180210114,0.0001
7996768,9016,14900.0,,,,,,,,97051.33255338669,0.0001
7998138,9017,15425.0,,,,,,,,97068.33162093163,0.0001
7999027,9018,4675.0,,,,,,,,97079.44591379166,0.0001
8000210,9019,8475.0,,,,,,,,97093.96593904495,0.0001
8001152,9020,7975.0,,,,,,,,97105.66064667702,0.0001
8002691,9021,15050.0,,,,,,,,97124.85964393616,0.0001
8003918,9022,7850.0,,,,,,,,97140.163595438,0.0001
8005563,9023,15100.0,,,,,,,,97160.55263829231,0.0001
8007280,9024,12175.0,,,,,,,,97181.82716012001,0.0001
8008933,9025,14875.0,,,,,,,,97202.37298345566,0.0001
8010869,9026,15725.0,,,,,,,,97226.36127257347,0.0001
8012039,9027,11575.0,,,,,,,,97240.83180093765,0.0001
8012984,9028,4700.0,,,,,,,,97252.58825707436,0.0001
8014542,9029,14950.0,,,,,,,,97271.91443252563,0.0001
8015955,9030,14925.0,,,,,,,,97289.4502851963,0.0001
8016459,9031,3975.0,,,,,,,,97295.75817871094,0.0001
8018077,9032,12175.0,,,,,,,,97315.84025788307,0.0001
8019900,9033,15725.0,,,,,,,,97338.46117734909,0.0001
8020741,9034,4150.0,,,,,,,,97348.9039824009,0.0001
8022865,9035,15600.0,,,,,,,,97375.25737404823,0.0001
8024310,9036,11700.0,,,,,,,,97393.17694687843,0.0001
8025260,9037,825.0,,,,,,,,97404.96928191185,0.0001
8026715,9038,15400.0,,,,,,,,97423.07927560806,0.0001
8028796,9039,16125.0,,,,,,,,97448.80905246735,0.0001
8030246,9040,15050.0,,,,,,,,97466.80589699745,0.0001
8032223,9041,16300.0,,,,,,,,97491.37077307701,0.0001
8034002,9042,15750.0,,,,,,,,97513.47247886658,0.0001
8035308,9043,11575.0,,,,,,,,97529.63897323608,0.0001
8036678,9044,15400.0,,,,,,,,97546.7145357132,0.0001
8038424,9045,15100.0,,,,,,,,97568.33529782295,0.0001
8039871,9046,14850.0,,,,,,,,97586.30266356468,0.0001
8041859,9047,12800.0,,,,,,,,97610.95302677155,0.0001
8043804,9048,15625.0,,,,,,,,97635.0832734108,0.0001
8044970,9049,11225.0,,,,,,,,97649.55865430832,0.0001
8046230,9050,8300.0,,,,,,,,97665.14659762383,0.0001
8047565,9051,11700.0,,,,,,,,97681.79174733162,0.0001
8049244,9052,15725.0,,,,,,,,97702.6534318924,0.0001
8050681,9053,12125.0,,,,,,,,97720.57419967651,0.0001
8052275,9054,15575.0,,,,,,,,97740.42445039749,0.0001
8053642,9055,8050.0,,,,,,,,97757.46801042557,0.0001
8055590,9056,15350.0,,,,,,,,97781.69827461243,0.0001
8057282,9057,15575.0,,,,,,,,97802.71059536934,0.0001
8058194,9058,775.0,,,,,,,,97814.16954541206,0.0001
8058729,9059,650.0,,,,,,,,97820.82485556602,0.0001
8060356,9060,15575.0,,,,,,,,97840.9536793232,0.0001
8062449,9061,16300.0,,,,,,,,97866.86127400398,0.0001
8064244,9062,14925.0,,,,,,,,97889.13661503792,0.0001
8065641,9063,11700.0,,,,,,,,97906.48802804947,0.0001
8067070,9064,14975.0,,,,,,,,97924.17198872566,0.0001
8068049,9065,8075.0,,,,,,,,97936.2970302105,0.0001
8069507,9066,14900.0,,,,,,,,97954.37571692467,0.0001
8071085,9067,15450.0,,,,,,,,97973.90395617485,0.0001
8072160,9068,8500.0,,,,,,,,97987.27676200867,0.0001
8073684,9069,15500.0,,,,,,,,98006.18199491501,0.0001
8074696,9070,8275.0,,,,,,,,98018.76554894447,0.0001
8076659,9071,15950.0,,,,,,,,98043.11216902733,0.0001
8078505,9072,15625.0,,,,,,,,98066.08062243462,0.0001
8080214,9073,11450.0,,,,,,,,98087.35061597824,0.0001
8082323,9074,15675.0,,,,,,,,98113.49524712563,0.0001
8083626,9075,8675.0,,,,,,,,98129.54726171494,0.0001
8084836,9076,8325.0,,,,,,,,98144.56908679008,0.0001
8086517,9077,12175.0,,,,,,,,98165.35780453682,0.0001
8088022,9078,11800.0,,,,,,,,98184.1883354187,0.0001
8089495,9079,11850.0,,,,,,,,98202.51589846611,0.0001
8091316,9080,12700.0,,,,,,,,98225.02561569214,0.0001
8091989,9081,4350.0,,,,,,,,98233.43325281143,0.0001
8093827,9082,15550.0,,,,,,,,98256.21361112595,0.0001
8095539,9083,15400.0,,,,,,,,98277.44068717957,0.0001
8097139,9084,14850.0,,,,,,,,98297.2045738697,0.0001
8098984,9085,15600.0,,,,,,,,98320.00985360146,0.0001
8099791,9086,4425.0,,,,,,,,98330.0800755024,0.0001
8101263,9087,15325.0,,,,,,,,98348.37711453438,0.0001
8102812,9088,13200.0,,,,,,,,98367.62950205803,0.0001
8104336,9089,8525.0,,,,,,,,98386.59972524643,0.0001
8106146,9090,15700.0,,,,,,,,98409.06524372101,0.0001
8107735,9091,8825.0,,,,,,,,98428.76410579681,0.0001
8109333,9092,15525.0,,,,,,,,98448.7162220478,0.0001
8110732,9093,9050.0,,,,,,,,98466.10164475441,0.0001
8112257,9094,12150.0,,,,,,,,98485.00166535378,0.0001
8114281,9095,15750.0,,,,,,,,98510.12706422806,0.0001
8116337,9096,15975.0,,,,,,,,98535.65644168854,0.0001
8117480,9097,11225.0,,,,,,,,98549.81330418587,0.0001
8119138,9098,15250.0,,,,,,,,98570.40500855446,0.0001
8121060,9099,15275.0,,,,,,,,98594.28207373619,0.0001
8122530,9100,11525.0,,,,,,,,98612.51774692535,0.0001
8123346,9101,4500.0,,,,,,,,98622.67203426361,0.0001
8124698,9102,7950.0,,,,,,,,98639.40552020073,0.0001
8126076,9103,12100.0,,,,,,,,98656.50353765488,0.0001
8127548,9104,11875.0,,,,,,,,98674.77724552155,0.0001
8129171,9105,15650.0,,,,,,,,98694.99164652824,0.0001
8130130,9106,825.0,,,,,,,,98706.94891381264,0.0001
8132017,9107,15025.0,,,,,,,,98730.37180233002,0.0001
8133351,9108,11575.0,,,,,,,,98746.9163711071,0.0001
8134869,9109,12200.0,,,,,,,,98765.62632703781,0.0001
8135944,9110,11300.0,,,,,,,,98778.88544511795,0.0001
8137422,9111,8550.0,,,,,,,,98797.22037410736,0.0001
8138620,9112,11450.0,,,,,,,,98812.04239296913,0.0001
8140460,9113,15050.0,,,,,,,,98834.84628939629,0.0001
8141854,9114,12150.0,,,,,,,,98852.11555552483,0.0001
8143685,9115,15175.0,,,,,,,,98874.86761569977,0.0001
8144545,9116,4275.0,,,,,,,,98885.6716144085,0.0001
8146026,9117,8075.0,,,,,,,,98904.17832374573,0.0001
8147510,9118,15325.0,,,,,,,,98922.58042216301,0.0001
8149239,9119,15475.0,,,,,,,,98943.9732632637,0.0001
8150427,9120,8125.0,,,,,,,,98958.80761694908,0.0001
8151922,9121,15350.0,,,,,,,,98977.4654340744,0.0001
8152692,9122,4000.0,,,,,,,,98987.11800050735,0.0001
8154499,9123,15925.0,,,,,,,,99009.52526044846,0.0001
8155252,9124,4250.0,,,,,,,,99018.92009091377,0.0001
8156295,9125,8525.0,,,,,,,,99031.95639538765,0.0001
8157889,9126,15575.0,,,,,,,,99052.12957906723,0.0001
8159605,9127,15125.0,,,,,,,,99073.73451113701,0.0001
8160262,9128,800.0,,,,,,,,99082.02550029755,0.0001
8162395,9129,15325.0,,,,,,,,99108.59937596321,0.0001
8163023,9130,375.0,,,,,,,,99116.45760846138,0.0001
8163930,9131,7825.0,,,,,,,,99127.85389494896,0.0001
8165917,9132,14925.0,,,,,,,,99152.46236300468,0.0001
8167472,9133,12175.0,,,,,,,,99171.80700612068,0.0001
8168368,9134,4450.0,,,,,,,,99183.06328558922,0.0001
8169119,9135,4350.0,,,,,,,,99192.4705119133,0.0001
8171076,9136,15650.0,,,,,,,,99216.9132964611,0.0001
8171941,9137,7800.0,,,,,,,,99227.72633743286,0.0001
8173635,9138,14950.0,,,,,,,,99248.77595853806,0.0001
8174371,9139,4450.0,,,,,,,,99257.93121790886,0.0001
8175519,9140,8375.0,,,,,,,,99272.12406229973,0.0001
8176080,9141,225.0,,,,,,,,99279.08766937256,0.0001
8177386,9142,11650.0,,,,,,,,99295.3220565319,0.0001
8178781,9143,12350.0,,,,,,,,99312.67050766945,0.0001
8180518,9144,15575.0,,,,,,,,99334.169267416,0.0001
8181844,9145,11725.0,,,,,,,,99350.48997569084,0.0001
8182650,9146,4300.0,,,,,,,,99360.49106836319,0.0001
8183637,9147,8025.0,,,,,,,,99372.69323897362,0.0001
8185796,9148,15350.0,,,,,,,,99399.3723294735,0.0001
8187575,9149,14925.0,,,,,,,,99421.44286966324,0.0001
8189420,9150,16200.0,,,,,,,,99444.25408792496,0.0001
8190448,9151,8025.0,,,,,,,,99456.9722931385,0.0001
8191978,9152,11925.0,,,,,,,,99475.98857116699,0.0001
8193533,9153,11750.0,,,,,,,,99495.27058410645,0.0001
8195522,9154,15075.0,,,,,,,,99519.76770472527,0.0001
8196795,9155,12600.0,,,,,,,,99535.29683542252,0.0001
8197224,9156,225.0,,,,,,,,99540.75720715523,0.0001
8198787,9157,11700.0,,,,,,,,99560.15005683899,0.0001
8201084,9158,12825.0,,,,,,,,99588.5518245697,0.0001
8201653,9159,4200.0,,,,,,,,99595.59199976921,0.0001
8203363,9160,15775.0,,,,,,,,99617.07173252106,0.0001
8205062,9161,15000.0,,,,,,,,99638.11165833473,0.0001
8206715,9162,15475.0,,,,,,,,99658.63784885406,0.0001
8208736,9163,11750.0,,,,,,,,99683.60733914375,0.0001
8210042,9164,11675.0,,,,,,,,99700.3001563549,0.0001
8211999,9165,15425.0,,,,,,,,99724.80731368065,0.0001
8213093,9166,11700.0,,,,,,,,99738.36139631271,0.0001
8214424,9167,12125.0,,,,,,,,99754.80881524086,0.0001
8216437,9168,15875.0,,,,,,,,99779.56665468216,0.0001
8217881,9169,11675.0,,,,,,,,99797.41025972366,0.0001
8219575,9170,15700.0,,,,,,,,99818.46276473999,0.0001
8221174,9171,12150.0,,,,,,,,99838.30071115494,0.0001
8221951,9172,4275.0,,,,,,,,99848.0188794136,0.0001
8223378,9173,14825.0,,,,,,,,99865.80052781105,0.0001
8224750,9174,12125.0,,,,,,,,99882.98938584328,0.0001
8226337,9175,11725.0,,,,,,,,99902.68134522438,0.0001
8227879,9176,15375.0,,,,,,,,99921.78188753128,0.0001
8228689,9177,4450.0,,,,,,,,99931.8503754139,0.0001
8230334,9178,15400.0,,,,,,,,99952.14556407928,0.0001
8232418,9179,16475.0,,,,,,,,99977.94156455994,0.0001
8234243,9180,15125.0,,,,,,,,100000.34548330307,0.0001
8235817,9181,15375.0,,,,,,,,100020.00390148163,0.0001
8237334,9182,12175.0,,,,,,,,100038.8321518898,0.0001
8238864,9183,15400.0,,,,,,,,100057.82006573677,0.0001
8240946,9184,15650.0,,,,,,,,100083.82012367249,0.0001
8242666,9185,15450.0,,,,,,,,100105.21115803719,0.0001
8244270,9186,15575.0,,,,,,,,100125.22699832916,0.0001
8245417,9187,11400.0,,,,,,,,100139.53380966187,0.0001
8246536,9188,11325.0,,,,,,,,100153.53115200996,0.0001
8248698,9189,16225.0,,,,,,,,100180.49070191383,0.0001
8250462,9190,15550.0,,,,,,,,100202.28822779655,0.0001
8252289,9191,15975.0,,,,,,,,100225.12533521652,0.0001
8253461,9192,12200.0,,,,,,,,100239.68784666061,0.0001
8254398,9193,11225.0,,,,,,,,100251.39946269989,0.0001
8256206,9194,15575.0,,,,,,,,100274.03018188477,0.0001
8257377,9195,7950.0,,,,,,,,100288.59623765945,0.0001
8258881,9196,14975.0,,,,,,,,100307.22593069077,0.0001
8260411,9197,15600.0,,,,,,,,100326.21078538895,0.0001
8262147,9198,14975.0,,,,,,,,100347.63199043274,0.0001
8264176,9199,16050.0,,,,,,,,100372.66625237465,0.0001
8264942,9200,925.0,,,,,,,,100382.23680210114,0.0001
8266487,9201,12725.0,,,,,,,,100401.42884421349,0.0001
8267862,9202,14825.0,,,,,,,,100418.46761798859,0.0001
8269775,9203,15375.0,,,,,,,,100442.0720000267,0.0001
8271076,9204,11700.0,,,,,,,,100458.25014042854,0.0001
8272881,9205,15650.0,,,,,,,,100480.40958166122,0.0001
8273494,9206,4200.0,,,,,,,,100488.02082586288,0.0001
8275070,9207,15125.0,,,,,,,,100507.54289031029,0.0001
8276835,9208,14950.0,,,,,,,,100529.36770486832,0.0001
8278202,9209,11675.0,,,,,,,,100546.31106829643,0.0001
8279204,9210,7950.0,,,,,,,,100558.77244997025,0.0001
8280657,9211,12175.0,,,,,,,,100576.64132905006,0.0001
8282019,9212,8550.0,,,,,,,,100593.21647977829,0.0001
8283399,9213,8325.0,,,,,,,,100609.99723792076,0.0001
8285709,9214,12675.0,,,,,,,,100638.05215620995,0.0001
8287117,9215,15125.0,,,,,,,,100655.27839136124,0.0001
8288750,9216,15625.0,,,,,,,,100675.52532935143,0.0001
8290140,9217,12200.0,,,,,,,,100692.39226293564,0.0001
8291114,9218,5400.0,,,,,,,,100704.25275182724,0.0001
8292825,9219,15650.0,,,,,,,,100725.07742500305,0.0001
8294396,9220,12150.0,,,,,,,,100744.19004368782,0.0001
8295398,9221,7925.0,,,,,,,,100756.46447634697,0.0001
8296628,9222,11550.0,,,,,,,,100771.54334950447,0.0001
8297724,9223,4475.0,,,,,,,,100784.90680098534,0.0001
8299809,9224,15075.0,,,,,,,,100810.23503518105,0.0001
8300676,9225,4525.0,,,,,,,,100820.77169966698,0.0001
8302380,9226,15375.0,,,,,,,,100841.5935883522,0.0001
8303722,9227,11600.0,,,,,,,,100857.94469928741,0.0001
8304786,9228,7775.0,,,,,,,,100870.96659731865,0.0001
8306338,9229,12525.0,,,,,,,,100889.80963301659,0.0001
8307693,9230,11725.0,,,,,,,,100906.37026691437,0.0001
8309236,9231,15425.0,,,,,,,,100925.06257176399,0.0001
8310768,9232,12225.0,,,,,,,,100943.5920085907,0.0001
8312361,9233,14925.0,,,,,,,,100963.37814235687,0.0001
8313338,9234,8025.0,,,,,,,,100975.5478515625,0.0001
8314300,9235,4450.0,,,,,,,,100987.4985024929,0.0001
8315349,9236,11225.0,,,,,,,,101000.53584742546,0.0001
8316142,9237,4700.0,,,,,,,,101010.42174863815,0.0001
8318028,9238,8625.0,,,,,,,,101033.43714785576,0.0001
8319635,9239,15625.0,,,,,,,,101052.90233707428,0.0001
8320999,9240,14950.0,,,,,,,,101069.54649353027,0.0001
8322393,9241,11650.0,,,,,,,,101086.89432644844,0.0001
8324090,9242,11200.0,,,,,,,,101107.90720891953,0.0001
8325510,9243,11775.0,,,,,,,,101125.56888270378,0.0001
8327208,9244,14925.0,,,,,,,,101146.57676672935,0.0001
8328659,9245,15400.0,,,,,,,,101164.53577518463,0.0001
8330260,9246,15400.0,,,,,,,,101184.41213417053,0.0001
8332185,9247,15675.0,,,,,,,,101208.25295233727,0.0001
8333294,9248,12100.0,,,,,,,,101221.92962193489,0.0001
8334450,9249,11600.0,,,,,,,,101236.29280114174,0.0001
8335831,9250,14875.0,,,,,,,,101253.5307199955,0.0001
8337583,9251,12175.0,,,,,,,,101275.34453248978,0.0001
8338446,9252,7975.0,,,,,,,,101286.11395525932,0.0001
8339257,9253,4425.0,,,,,,,,101296.1767270565,0.0001
8340834,9254,14900.0,,,,,,,,101315.67643928528,0.0001
8341563,9255,4100.0,,,,,,,,101324.71364450455,0.0001
8343100,9256,15600.0,,,,,,,,101343.71437716484,0.0001
8344628,9257,11825.0,,,,,,,,101362.5480594635,0.0001
8345016,9258,625.0,,,,,,,,101367.43116641045,0.0001
8346861,9259,11725.0,,,,,,,,101390.45892262459,0.0001
8348417,9260,14975.0,,,,,,,,101409.70390748978,0.0001
8350320,9261,14900.0,,,,,,,,101433.22666335106,0.0001
8351440,9262,8450.0,,,,,,,,101447.13696241379,0.0001
8352665,9263,7750.0,,,,,,,,101462.35350513458,0.0001
8353774,9264,7825.0,,,,,,,,101476.16950201988,0.0001
8354299,9265,650.0,,,,,,,,101482.66208696365,0.0001
8355799,9266,15450.0,,,,,,,,101501.21346855164,0.0001
8357153,9267,11525.0,,,,,,,,101518.13080763817,0.0001
8358524,9268,11675.0,,,,,,,,101535.13080382347,0.0001
8359896,9269,11675.0,,,,,,,,101552.12626361847,0.0001
8361530,9270,15075.0,,,,,,,,101572.3516509533,0.0001
8363027,9271,11575.0,,,,,,,,101590.86402845383,0.0001
8364287,9272,11700.0,,,,,,,,101606.50463724136,0.0001
8365067,9273,4225.0,,,,,,,,101616.15113568306,0.0001
8366408,9274,14900.0,,,,,,,,101632.7178812027,0.0001
8367815,9275,11650.0,,,,,,,,101650.36858654022,0.0001
8369095,9276,11700.0,,,,,,,,101666.28951835632,0.0001
8370543,9277,14950.0,,,,,,,,101684.36487722397,0.0001
8371231,9278,4275.0,,,,,,,,101693.0197672844,0.0001
8372806,9279,14900.0,,,,,,,,101712.70678853989,0.0001
8374110,9280,11625.0,,,,,,,,101729.03675985336,0.0001
8375580,9281,14950.0,,,,,,,,101747.28601837158,0.0001
8376796,9282,8025.0,,,,,,,,101762.3885936737,0.0001
8378531,9283,15525.0,,,,,,,,101784.04106068611,0.0001
8379646,9284,8050.0,,,,,,,,101797.9589164257,0.0001
8380176,9285,400.0,,,,,,,,101804.50752973557,0.0001
8381164,9286,8025.0,,,,,,,,101816.84334754944,0.0001
8382661,9287,11925.0,,,,,,,,101835.48653244972,0.0001
8383935,9288,14900.0,,,,,,,,101851.41686272621,0.0001
8384821,9289,750.0,,,,,,,,101862.4846200943,0.0001
8387330,9290,16125.0,,,,,,,,101893.6009554863,0.0001
8388862,9291,15350.0,,,,,,,,101912.60150527954,0.0001
8390221,9292,14900.0,,,,,,,,101929.47932195663,0.0001
8391486,9293,900.0,,,,,,,,101945.2783703804,0.0001
8392557,9294,4550.0,,,,,,,,101958.71946310997,0.0001
8394263,9295,11900.0,,,,,,,,101979.90580296516,0.0001
8395360,9296,11525.0,,,,,,,,101993.51993584633,0.0001
8396939,9297,15025.0,,,,,,,,102013.22121858597,0.0001
8398667,9298,15475.0,,,,,,,,102034.76027369499,0.0001
8400303,9299,12000.0,,,,,,,,102055.0421731472,0.0001
8401458,9300,8075.0,,,,,,,,102069.42416501045,0.0001
8402735,9301,11650.0,,,,,,,,102085.33913493156,0.0001
8404708,9302,15700.0,,,,,,,,102109.88214492798,0.0001
8405874,9303,7825.0,,,,,,,,102124.45291924477,0.0001
8407124,9304,14850.0,,,,,,,,102139.90757727623,0.0001
8408565,9305,15425.0,,,,,,,,102157.79647064209,0.0001
8410353,9306,15625.0,,,,,,,,102179.97088384628,0.0001
8411928,9307,15000.0,,,,,,,,102199.49576807022,0.0001
8413460,9308,15050.0,,,,,,,,102218.60054922104,0.0001
8415435,9309,15700.0,,,,,,,,102243.20049333572,0.0001
8417160,9310,12175.0,,,,,,,,102264.5764529705,0.0001
8417973,9311,4400.0,,,,,,,,102274.74039769173,0.0001
8419858,9312,16100.0,,,,,,,,102298.23456501961,0.0001
8421515,9313,15600.0,,,,,,,,102318.6716735363,0.0001
8423079,9314,15500.0,,,,,,,,102338.11486172676,0.0001
8424623,9315,15550.0,,,,,,,,102357.19774484634,0.0001
8425597,9316,8050.0,,,,,,,,102369.42540812492,0.0001
8426290,9317,4275.0,,,,,,,,102378.08976864815,0.0001
8427852,9318,14925.0,,,,,,,,102397.45213103294,0.0001
8429757,9319,15450.0,,,,,,,,102421.137196064,0.0001
8431607,9320,15425.0,,,,,,,,102444.0613565445,0.0001
8432502,9321,4475.0,,,,,,,,102455.1952650547,0.0001
8435018,9322,19275.0,,,,,,,,102486.49081206322,0.0001
8435958,9323,4350.0,,,,,,,,102498.13221406937,0.0001
8437400,9324,14900.0,,,,,,,,102516.0534760952,0.0001
8439273,9325,14950.0,,,,,,,,102539.46486401558,0.0001
8440535,9326,8000.0,,,,,,,,102555.16271328926,0.0001
8441348,9327,775.0,,,,,,,,102565.27195310593,0.0001
8443188,9328,15975.0,,,,,,,,102588.20138001442,0.0001
8444637,9329,11975.0,,,,,,,,102606.13858819008,0.0001
8445345,9330,4400.0,,,,,,,,102614.96024465561,0.0001
8446169,9331,8000.0,,,,,,,,102625.16343045235,0.0001
8447942,9332,14975.0,,,,,,,,102647.09541392326,0.0001
8449423,9333,15475.0,,,,,,,,102665.38638114929,0.0001
8451167,9334,15575.0,,,,,,,,102686.99384570122,0.0001
8453054,9335,15650.0,,,,,,,,102710.4246070385,0.0001
8454722,9336,14850.0,,,,,,,,102731.07792782784,0.0001
8456334,9337,15525.0,,,,,,,,102750.97618436813,0.0001
8458059,9338,11600.0,,,,,,,,102772.39659714699,0.0001
8459531,9339,11600.0,,,,,,,,102790.58661103249,0.0001
8461413,9340,15700.0,,,,,,,,102813.97550320625,0.0001
8462709,9341,7775.0,,,,,,,,102830.27476811409,0.0001
8464063,9342,14950.0,,,,,,,,102847.1043806076,0.0001
8465620,9343,12000.0,,,,,,,,102866.43471884727,0.0001
8467275,9344,15050.0,,,,,,,,102886.9527990818,0.0001
8468287,9345,525.0,,,,,,,,102899.53230118752,0.0001
8470117,9346,15375.0,,,,,,,,102922.24406003952,0.0001
8471688,9347,11700.0,,,,,,,,102941.75940227509,0.0001
8472433,9348,725.0,,,,,,,,102951.05350399017,0.0001
8473338,9349,4475.0,,,,,,,,102962.24785757065,0.0001
8475003,9350,15100.0,,,,,,,,102982.78745150566,0.0001
8476728,9351,15075.0,,,,,,,,103004.1787776947,0.0001
8477737,9352,7825.0,,,,,,,,103016.78712320328,0.0001
8479111,9353,8075.0,,,,,,,,103033.77798008919,0.0001
8479753,9354,325.0,,,,,,,,103041.85993504524,0.0001
8481467,9355,14950.0,,,,,,,,103063.05539178848,0.0001
8483460,9356,14925.0,,,,,,,,103087.77288269997,0.0001
8483848,9357,625.0,,,,,,,,103092.63049983978,0.0001
8484694,9358,7925.0,,,,,,,,103103.0614836216,0.0001
8486267,9359,11450.0,,,,,,,,103122.60372686386,0.0001
8486883,9360,500.0,,,,,,,,103130.31042790413,0.0001
8488295,9361,15450.0,,,,,,,,103147.74407029152,0.0001
8490397,9362,15650.0,,,,,,,,103173.88409090042,0.0001
8492019,9363,15075.0,,,,,,,,103194.11539125443,0.0001
8493164,9364,11425.0,,,,,,,,103208.34446454048,0.0001
8494806,9365,15425.0,,,,,,,,103228.71395897865,0.0001
8496419,9366,15400.0,,,,,,,,103248.6508808136,0.0001
8498058,9367,12200.0,,,,,,,,103268.93183279037,0.0001
8499508,9368,15075.0,,,,,,,,103286.95628404617,0.0001
8501000,9369,11675.0,,,,,,,,103305.46122312546,0.0001
8501743,9370,4150.0,,,,,,,,103314.67235398293,0.0001
8502833,9371,4500.0,,,,,,,,103328.22963118553,0.0001
8503808,9372,11425.0,,,,,,,,103340.30646824837,0.0001
8505783,9373,15550.0,,,,,,,,103364.87837576866,0.0001
8507688,9374,15350.0,,,,,,,,103388.42524051666,0.0001
8509506,9375,15550.0,,,,,,,,103410.69545412064,0.0001
8511117,9376,15025.0,,,,,,,,103430.50509166718,0.0001
8512815,9377,15150.0,,,,,,,,103451.14991760254,0.0001
8514300,9378,15850.0,,,,,,,,103469.55179691315,0.0001
8515751,9379,14900.0,,,,,,,,103487.63752126694,0.0001
8517186,9380,14925.0,,,,,,,,103505.2276134491,0.0001
8519256,9381,15775.0,,,,,,,,103530.58055090904,0.0001
8521110,9382,15250.0,,,,,,,,103553.72962212563,0.0001
8523621,9383,15850.0,,,,,,,,103584.84306573868,0.0001
8524839,9384,8175.0,,,,,,,,103600.03887748718,0.0001
8526153,9385,11600.0,,,,,,,,103616.2372097969,0.0001
8527313,9386,8000.0,,,,,,,,103630.72278881073,0.0001
8528607,9387,15225.0,,,,,,,,103646.7632958889,0.0001
8530451,9388,15250.0,,,,,,,,103669.58502483368,0.0001
8532117,9389,15275.0,,,,,,,,103690.17561888695,0.0001
8533382,9390,11450.0,,,,,,,,103705.89290475845,0.0001
8535118,9391,15275.0,,,,,,,,103727.44796705246,0.0001
8536566,9392,14825.0,,,,,,,,103745.36237049103,0.0001
8538386,9393,15050.0,,,,,,,,103767.80101323128,0.0001
8540128,9394,14975.0,,,,,,,,103789.44722938538,0.0001
8541737,9395,15025.0,,,,,,,,103809.46818614006,0.0001
8542982,9396,8700.0,,,,,,,,103824.87248754501,0.0001
8544756,9397,15350.0,,,,,,,,103846.88969826698,0.0001
8546423,9398,15450.0,,,,,,,,103867.5465798378,0.0001
8547391,9399,7925.0,,,,,,,,103879.5867471695,0.0001
8548841,9400,15225.0,,,,,,,,103897.56323719025,0.0001
8550798,9401,15800.0,,,,,,,,103921.88656640053,0.0001
8553428,9402,15400.0,,,,,,,,103954.42886805534,0.0001
8554359,9403,7500.0,,,,,,,,103966.0062019825,0.0001
8555874,9404,15075.0,,,,,,,,103984.92592787743,0.0001
8557023,9405,7900.0,,,,,,,,103998.95178508759,0.0001
8558184,9406,11250.0,,,,,,,,104013.29401063919,0.0001
8558913,9407,475.0,,,,,,,,104022.41764140129,0.0001
8561326,9408,19275.0,,,,,,,,104052.2654762268,0.0001
8562216,9409,4325.0,,,,,,,,104063.35274863243,0.0001
8564559,9410,12675.0,,,,,,,,104092.36934638023,0.0001
8566418,9411,15325.0,,,,,,,,104115.42315530777,0.0001
8568126,9412,15450.0,,,,,,,,104136.56552314758,0.0001
8570243,9413,15475.0,,,,,,,,104162.78076863289,0.0001
8571858,9414,15000.0,,,,,,,,104182.7960202694,0.0001
8573407,9415,14950.0,,,,,,,,104201.90285348892,0.0001
8575040,9416,14925.0,,,,,,,,104222.10208702087,0.0001
8576637,9417,12575.0,,,,,,,,104241.90956640244,0.0001
8578050,9418,15350.0,,,,,,,,104259.43792939186,0.0001
8579928,9419,15475.0,,,,,,,,104282.8342974186,0.0001
8581452,9420,15250.0,,,,,,,,104301.79528784752,0.0001
8582468,9421,8575.0,,,,,,,,104314.38926148415,0.0001
8583558,9422,8400.0,,,,,,,,104327.9866373539,0.0001
8584417,9423,7875.0,,,,,,,,104338.59395432472,0.0001
8585590,9424,4425.0,,,,,,,,104353.12261247635,0.0001
8586790,9425,7725.0,,,,,,,,104368.0774075985,0.0001
8588311,9426,14950.0,,,,,,,,104386.97629594803,0.0001
8588965,9427,4250.0,,,,,,,,104395.15846323967,0.0001
8589573,9428,4225.0,,,,,,,,104402.71410131454,0.0001
8590372,9429,4450.0,,,,,,,,104412.62070608139,0.0001
8592153,9430,15450.0,,,,,,,,104434.73309397697,0.0001
8593547,9431,11725.0,,,,,,,,104452.02573394775,0.0001
8594290,9432,550.0,,,,,,,,104461.2261660099,0.0001
8595570,9433,11450.0,,,,,,,,104477.0938565731,0.0001
8597096,9434,12100.0,,,,,,,,104495.93489384651,0.0001
8598992,9435,11625.0,,,,,,,,104519.4230029583,0.0001
8600475,9436,15750.0,,,,,,,,104537.7550098896,0.0001
8601920,9437,14925.0,,,,,,,,104555.70023393631,0.0001
8603490,9438,15175.0,,,,,,,,104575.2112903595,0.0001
8604729,9439,14875.0,,,,,,,,104590.61732578278,0.0001
8605939,9440,11700.0,,,,,,,,104605.67663121223,0.0001
8606531,9441,650.0,,,,,,,,104613.081792593,0.0001
8608131,9442,15400.0,,,,,,,,104632.7955198288,0.0001
8609634,9443,12050.0,,,,,,,,104651.46444010735,0.0001
8610274,9444,625.0,,,,,,,,104659.41044402122,0.0001
8610964,9445,300.0,,,,,,,,104668.07636380196,0.0001
8612002,9446,475.0,,,,,,,,104680.96601080894,0.0001
8612695,9447,775.0,,,,,,,,104689.54806447029,0.0001
8613387,9448,825.0,,,,,,,,104698.19713973999,0.0001
8613779,9449,275.0,,,,,,,,104703.08764219284,0.0001
8614999,9450,8250.0,,,,,,,,104718.14529848099,0.0001
8616068,9451,11650.0,,,,,,,,104731.43141078949,0.0001
8617704,9452,15200.0,,,,,,,,104751.83712983131,0.0001
8619503,9453,15275.0,,,,,,,,104774.18062233925,0.0001
8621146,9454,15250.0,,,,,,,,104794.54361963272,0.0001
8622270,9455,11275.0,,,,,,,,104808.5693833828,0.0001
8623370,9456,4875.0,,,,,,,,104822.26314091682,0.0001
8624965,9457,14975.0,,,,,,,,104842.18922829628,0.0001
8625952,9458,8025.0,,,,,,,,104854.55620932579,0.0001
8627676,9459,15250.0,,,,,,,,104875.85654592514,0.0001
8629316,9460,15800.0,,,,,,,,104896.18928813934,0.0001
8630661,9461,14850.0,,,,,,,,104912.97233700752,0.0001
8631796,9462,11525.0,,,,,,,,104927.03769421577,0.0001
8632502,9463,4425.0,,,,,,,,104935.87022686005,0.0001
8633630,9464,11275.0,,,,,,,,104949.94025945663,0.0001
8635251,9465,15050.0,,,,,,,,104969.92255949974,0.0001
8636839,9466,15300.0,,,,,,,,104989.55511665344,0.0001
8638223,9467,14925.0,,,,,,,,105006.7210817337,0.0001
8640024,9468,15250.0,,,,,,,,105029.00581383705,0.0001
8640928,9469,7975.0,,,,,,,,105040.28174591064,0.0001
8641576,9470,4275.0,,,,,,,,105048.41040229797,0.0001
8643123,9471,15000.0,,,,,,,,105067.62377309799,0.0001
8644071,9472,450.0,,,,,,,,105079.4990477562,0.0001
8645787,9473,15050.0,,,,,,,,105100.77778959274,0.0001
8647542,9474,15325.0,,,,,,,,105122.61437225342,0.0001
8649027,9475,14925.0,,,,,,,,105141.05364274979,0.0001
8649906,9476,4100.0,,,,,,,,105151.96360898018,0.0001
8651535,9477,14825.0,,,,,,,,105172.14805674553,0.0001
8653478,9478,15450.0,,,,,,,,105196.23947429657,0.0001
8653971,9479,800.0,,,,,,,,105202.39591288567,0.0001
8655127,9480,7750.0,,,,,,,,105216.7857325077,0.0001
8656738,9481,14950.0,,,,,,,,105236.68734192848,0.0001
8657113,9482,275.0,,,,,,,,105241.4371907711,0.0001
8658993,9483,15300.0,,,,,,,,105264.78306770325,0.0001
8660691,9484,15675.0,,,,,,,,105285.73888421059,0.0001
8662389,9485,14975.0,,,,,,,,105306.76119112968,0.0001
8663561,9486,11700.0,,,,,,,,105321.29193711281,0.0001
8665051,9487,8050.0,,,,,,,,105339.81243395805,0.0001
8666523,9488,15425.0,,,,,,,,105358.0993449688,0.0001
8667949,9489,12075.0,,,,,,,,105375.77096271515,0.0001
8669654,9490,15275.0,,,,,,,,105396.93330907822,0.0001
8671305,9491,15475.0,,,,,,,,105417.35750031471,0.0001
8672836,9492,14900.0,,,,,,,,105436.26230454445,0.0001
8673695,9493,3975.0,,,,,,,,105446.97679138184,0.0001
8674406,9494,4425.0,,,,,,,,105455.8642179966,0.0001
8676115,9495,15175.0,,,,,,,,105477.08544135094,0.0001
8677787,9496,15975.0,,,,,,,,105497.85061883926,0.0001
8679331,9497,15000.0,,,,,,,,105517.04315686226,0.0001
8681024,9498,15475.0,,,,,,,,105538.00814843178,0.0001
8682645,9499,15375.0,,,,,,,,105558.2328081131,0.0001
8683798,9500,8100.0,,,,,,,,105572.620708704,0.0001
8686158,9501,16275.0,,,,,,,,105601.9193546772,0.0001
8687219,9502,8325.0,,,,,,,,105615.07668590546,0.0001
8688820,9503,15525.0,,,,,,,,105634.92752170563,0.0001
8690749,9504,11700.0,,,,,,,,105658.95311284065,0.0001
8691099,9505,550.0,,,,,,,,105663.34672856331,0.0001
8692646,9506,15825.0,,,,,,,,105682.61554026604,0.0001
8693294,9507,4125.0,,,,,,,,105690.75113940239,0.0001
8694946,9508,15675.0,,,,,,,,105711.2684226036,0.0001
8695748,9509,475.0,,,,,,,,105721.30743193626,0.0001
8697031,9510,4950.0,,,,,,,,105737.24090266228,0.0001
8698602,9511,12150.0,,,,,,,,105756.72366118431,0.0001
8700470,9512,15700.0,,,,,,,,105779.89242434502,0.0001
8702255,9513,15050.0,,,,,,,,105801.98963570595,0.0001
8703564,9514,12125.0,,,,,,,,105818.27079629898,0.0001
8705202,9515,12175.0,,,,,,,,105838.63841152191,0.0001
8706303,9516,8125.0,,,,,,,,105852.33951616287,0.0001
8707769,9517,11975.0,,,,,,,,105870.69783806801,0.0001
8709246,9518,11650.0,,,,,,,,105888.9102089405,0.0001
8711096,9519,15575.0,,,,,,,,105911.7534725666,0.0001
8712580,9520,15300.0,,,,,,,,105930.18681764603,0.0001
8713352,9521,800.0,,,,,,,,105939.91862130165,0.0001
8713712,9522,575.0,,,,,,,,105944.51950240135,0.0001
8714836,9523,4150.0,,,,,,,,105958.52876973152,0.0001
8715466,9524,4225.0,,,,,,,,105966.46855330467,0.0001
8716895,9525,14825.0,,,,,,,,105984.23260092735,0.0001
8717867,9526,8025.0,,,,,,,,105996.37018990517,0.0001
8719807,9527,15700.0,,,,,,,,106020.44057655334,0.0001
8721256,9528,11975.0,,,,,,,,106038.37158679962,0.0001
8722883,9529,14850.0,,,,,,,,106058.60665369034,0.0001
8724286,9530,14900.0,,,,,,,,106076.04301023483,0.0001
8725713,9531,14975.0,,,,,,,,106093.73300552368,0.0001
8727506,9532,15475.0,,,,,,,,106115.97634530067,0.0001
8729350,9533,15675.0,,,,,,,,106138.90653300285,0.0001
8731318,9534,15425.0,,,,,,,,106163.3036673069,0.0001
8731993,9535,4300.0,,,,,,,,106171.79135346413,0.0001
8733649,9536,15000.0,,,,,,,,106192.34216833115,0.0001
8734019,9537,625.0,,,,,,,,106196.95049476624,0.0001
8736355,9538,16275.0,,,,,,,,106225.9005548954,0.0001
8737722,9539,14825.0,,,,,,,,106242.88786792755,0.0001
8739480,9540,15725.0,,,,,,,,106264.67881369591,0.0001
8740999,9541,14900.0,,,,,,,,106283.43692207336,0.0001
8742384,9542,15275.0,,,,,,,,106300.58495378494,0.0001
8743196,9543,475.0,,,,,,,,106310.63229608536,0.0001
8745284,9544,15700.0,,,,,,,,106336.45407223701,0.0001
8746546,9545,7825.0,,,,,,,,106352.11937451363,0.0001
8748048,9546,15025.0,,,,,,,,106370.6582467556,0.0001
8749457,9547,11625.0,,,,,,,,106388.20227384567,0.0001
8751461,9548,15400.0,,,,,,,,106412.92698335648,0.0001
8752826,9549,8450.0,,,,,,,,106429.90415859222,0.0001
8754495,9550,7975.0,,,,,,,,106450.54162216187,0.0001
8755220,9551,4400.0,,,,,,,,106459.5123860836,0.0001
8756184,9552,4250.0,,,,,,,,106471.48431158066,0.0001
8757573,9553,7975.0,,,,,,,,106488.76662969589,0.0001
8758999,9554,14925.0,,,,,,,,106506.4101138115,0.0001
8759460,9555,250.0,,,,,,,,106512.24682331085,0.0001
8760260,9556,4425.0,,,,,,,,106522.24200844765,0.0001
8761027,9557,750.0,,,,,,,,106531.81070542336,0.0001
8762304,9558,11700.0,,,,,,,,106547.64096808434,0.0001
8763715,9559,14875.0,,,,,,,,106565.34030199051,0.0001
8764538,9560,4675.0,,,,,,,,106575.60742378235,0.0001
8766272,9561,15575.0,,,,,,,,106597.10329675674,0.0001
8768166,9562,15200.0,,,,,,,,106620.58581709862,0.0001
8769772,9563,14900.0,,,,,,,,106640.63133263588,0.0001
8771329,9564,15425.0,,,,,,,,106659.92066502571,0.0001
8772904,9565,15150.0,,,,,,,,106679.42176032066,0.0001
8774315,9566,15350.0,,,,,,,,106697.02249908447,0.0001
8776155,9567,15600.0,,,,,,,,106719.76555418968,0.0001
8778340,9568,15150.0,,,,,,,,106746.89606428146,0.0001
8779607,9569,8075.0,,,,,,,,106762.58542728424,0.0001
8781323,9570,15000.0,,,,,,,,106783.7957508564,0.0001
8782761,9571,12025.0,,,,,,,,106801.75072789192,0.0001
8784938,9572,14950.0,,,,,,,,106828.80993580818,0.0001
8785354,9573,300.0,,,,,,,,106834.10452771187,0.0001
8786189,9574,4175.0,,,,,,,,106844.52469968796,0.0001
8787560,9575,14900.0,,,,,,,,106861.47074508667,0.0001
8789071,9576,11875.0,,,,,,,,106880.2533197403,0.0001
8789605,9577,375.0,,,,,,,,106886.96188044548,0.0001
8791226,9578,11650.0,,,,,,,,106907.16327643394,0.0001
8791606,9579,575.0,,,,,,,,106911.93281459808,0.0001
8793059,9580,14925.0,,,,,,,,106929.98391914368,0.0001
8794452,9581,11700.0,,,,,,,,106947.29581618309,0.0001
8796519,9582,15550.0,,,,,,,,106972.83461380005,0.0001
8798536,9583,15775.0,,,,,,,,106997.74568915367,0.0001
8799567,9584,7400.0,,,,,,,,107010.55354738235,0.0001
8801253,9585,15400.0,,,,,,,,107031.41594195366,0.0001
8802792,9586,7825.0,,,,,,,,107050.39383602142,0.0001
8804292,9587,15475.0,,,,,,,,107068.9547688961,0.0001
8805913,9588,15125.0,,,,,,,,107089.0061993599,0.0001
8806848,9589,7825.0,,,,,,,,107100.56046628952,0.0001
8808550,9590,15050.0,,,,,,,,107121.69295954704,0.0001
8809965,9591,15350.0,,,,,,,,107139.20508265495,0.0001
8810612,9592,450.0,,,,,,,,107147.19976878166,0.0001
8812360,9593,14925.0,,,,,,,,107168.73116660118,0.0001
8813268,9594,4050.0,,,,,,,,107179.97255396843,0.0001
8815005,9595,12650.0,,,,,,,,107201.53801774979,0.0001
8817015,9596,15625.0,,,,,,,,107226.47267055511,0.0001
8817515,9597,225.0,,,,,,,,107232.76307439804,0.0001
8817827,9598,75.0,,,,,,,,107236.7244656086,0.0001
8819046,9599,8550.0,,,,,,,,107251.8048017025,0.0001
8820391,9600,14925.0,,,,,,,,107268.398635149,0.0001
8822088,9601,11825.0,,,,,,,,107289.43217492104,0.0001
8823604,9602,11750.0,,,,,,,,107308.30517363548,0.0001
8824850,9603,14825.0,,,,,,,,107323.69878983498,0.0001
8826320,9604,15475.0,,,,,,,,107341.91604781151,0.0001
8827155,9605,4100.0,,,,,,,,107352.32352614403,0.0001
8827882,9606,4225.0,,,,,,,,107361.4104642868,0.0001
8829442,9607,16000.0,,,,,,,,107380.83121275902,0.0001
8830612,9608,11475.0,,,,,,,,107395.3857076168,0.0001
8832476,9609,15250.0,,,,,,,,107418.4996521473,0.0001
8834116,9610,15100.0,,,,,,,,107438.94828343391,0.0001
8835885,9611,11675.0,,,,,,,,107460.9280538559,0.0001
8837842,9612,16075.0,,,,,,,,107485.28176045418,0.0001
8839662,9613,15225.0,,,,,,,,107507.63932418823,0.0001
8841140,9614,14850.0,,,,,,,,107525.71798014641,0.0001
8842199,9615,8050.0,,,,,,,,107538.9174900055,0.0001
8842725,9616,3975.0,,,,,,,,107545.44835591316,0.0001
8843681,9617,8000.0,,,,,,,,107557.39141368866,0.0001
8845409,9618,15100.0,,,,,,,,107578.83226180077,0.0001
8846710,9619,11600.0,,,,,,,,107594.96994400024,0.0001
8848309,9620,15025.0,,,,,,,,107614.76775479317,0.0001
8849202,9621,7850.0,,,,,,,,107625.95049285889,0.0001
8850418,9622,11825.0,,,,,,,,107641.04203939438,0.0001
8851978,9623,15500.0,,,,,,,,107660.40334630013,0.0001
8853443,9624,14900.0,,,,,,,,107678.61545324326,0.0001
8855099,9625,15200.0,,,,,,,,107699.13708734512,0.0001
8856811,9626,15000.0,,,,,,,,107720.49209618568,0.0001
8858398,9627,14950.0,,,,,,,,107740.30656981468,0.0001
8860390,9628,15225.0,,,,,,,,107764.96525406837,0.0001
8862584,9629,16275.0,,,,,,,,107792.12097477913,0.0001
8864710,9630,15300.0,,,,,,,,107818.54968643188,0.0001
8865395,9631,4425.0,,,,,,,,107827.0313296318,0.0001
8866678,9632,11825.0,,,,,,,,107842.93958210945,0.0001
8868333,9633,15000.0,,,,,,,,107863.50752186775,0.0001
8870038,9634,12250.0,,,,,,,,107884.54542970657,0.0001
8872047,9635,16050.0,,,,,,,,107909.5431907177,0.0001
8873253,9636,11750.0,,,,,,,,107924.59028506279,0.0001
8874740,9637,14875.0,,,,,,,,107942.9892501831,0.0001
8875261,9638,675.0,,,,,,,,107949.59990811348,0.0001
8876442,9639,8125.0,,,,,,,,107964.2166647911,0.0001
8878383,9640,14925.0,,,,,,,,107988.35343384743,0.0001
8879608,9641,8300.0,,,,,,,,108003.62595534325,0.0001
8881193,9642,14925.0,,,,,,,,108023.32101631165,0.0001
8882787,9643,14900.0,,,,,,,,108043.06798696518,0.0001
8884439,9644,14975.0,,,,,,,,108063.53730750084,0.0001
8885976,9645,15125.0,,,,,,,,108082.62368607521,0.0001
8887528,9646,15725.0,,,,,,,,108101.86910843849,0.0001
8889275,9647,15150.0,,,,,,,,108123.55844163895,0.0001
8890375,9648,11575.0,,,,,,,,108137.28126168251,0.0001
8891690,9649,11625.0,,,,,,,,108153.55286860466,0.0001
8893173,9650,15625.0,,,,,,,,108171.88665437698,0.0001
8894822,9651,14950.0,,,,,,,,108192.3812494278,0.0001
8895491,9652,4400.0,,,,,,,,108200.68979525566,0.0001
8897058,9653,11675.0,,,,,,,,108220.21416664124,0.0001
8899011,9654,15225.0,,,,,,,,108244.41489982605,0.0001
8900310,9655,14850.0,,,,,,,,108260.67814421654,0.0001
8901601,9656,11575.0,,,,,,,,108276.78739285469,0.0001
8902783,9657,4375.0,,,,,,,,108291.45234584808,0.0001
8903204,9658,725.0,,,,,,,,108296.7772371769,0.0001
8905292,9659,15250.0,,,,,,,,108322.6194896698,0.0001
8906718,9660,11825.0,,,,,,,,108340.4295823574,0.0001
8907908,9661,11350.0,,,,,,,,108355.22102475166,0.0001
8909723,9662,15050.0,,,,,,,,108377.67216229439,0.0001
8911236,9663,15000.0,,,,,,,,108396.44219732285,0.0001
8912089,9664,4375.0,,,,,,,,108407.0605301857,0.0001
8913072,9665,11425.0,,,,,,,,108419.26832127571,0.0001
8914668,9666,12125.0,,,,,,,,108438.98206949234,0.0001
8916324,9667,16050.0,,,,,,,,108459.52164173126,0.0001
8917953,9668,14950.0,,,,,,,,108479.6671257019,0.0001
8919253,9669,11625.0,,,,,,,,108495.76044821739,0.0001
8920533,9670,12000.0,,,,,,,,108511.65335321426,0.0001
8922372,9671,15650.0,,,,,,,,108534.5834197998,0.0001
8924123,9672,15050.0,,,,,,,,108556.23878002167,0.0001
8926387,9673,15375.0,,,,,,,,108584.2584745884,0.0001
8927068,9674,4150.0,,,,,,,,108592.75111341476,0.0001
8928010,9675,7950.0,,,,,,,,108604.52766227722,0.0001
8929549,9676,14975.0,,,,,,,,108623.55855727196,0.0001
8930480,9677,7900.0,,,,,,,,108635.12412452698,0.0001
8931452,9678,7875.0,,,,,,,,108647.23923397064,0.0001
8932837,9679,11600.0,,,,,,,,108664.48581838608,0.0001
8933876,9680,8125.0,,,,,,,,108677.36352133751,0.0001
8935265,9681,14975.0,,,,,,,,108694.56161475182,0.0001
8936804,9682,14950.0,,,,,,,,108713.63886237144,0.0001
8937863,9683,8150.0,,,,,,,,108726.8275589943,0.0001
8939693,9684,14925.0,,,,,,,,108749.51732587814,0.0001
8941641,9685,15650.0,,,,,,,,108773.66408348083,0.0001
8943263,9686,15175.0,,,,,,,,108793.39914655685,0.0001
8945025,9687,15000.0,,,,,,,,108814.83848047256,0.0001
8946563,9688,11625.0,,,,,,,,108833.94260811806,0.0001
8948156,9689,15250.0,,,,,,,,108853.60185480118,0.0001
8949941,9690,15150.0,,,,,,,,108875.7094745636,0.0001
8951906,9691,15425.0,,,,,,,,108900.05648374557,0.0001
8953100,9692,11650.0,,,,,,,,108914.8493487835,0.0001
8955150,9693,16275.0,,,,,,,,108940.41442084312,0.0001
8956259,9694,8100.0,,,,,,,,108954.29296326637,0.0001
8957861,9695,15000.0,,,,,,,,108974.223031044,0.0001
8959353,9696,14900.0,,,,,,,,108992.78498387337,0.0001
8960622,9697,8700.0,,,,,,,,109008.48459100723,0.0001
8962631,9698,15525.0,,,,,,,,109033.4143769741,0.0001
8964394,9699,14925.0,,,,,,,,109055.31793546677,0.0001
8965892,9700,14900.0,,,,,,,,109073.91964364052,0.0001
8967488,9701,15650.0,,,,,,,,109093.66190314293,0.0001
8969109,9702,11650.0,,,,,,,,109113.8816280365,0.0001
8971029,9703,16050.0,,,,,,,,109137.64363646507,0.0001
8972465,9704,15450.0,,,,,,,,109155.46541905403,0.0001
8974081,9705,14950.0,,,,,,,,109175.48788571358,0.0001
8975897,9706,15100.0,,,,,,,,109198.01981782913,0.0001
8977433,9707,12200.0,,,,,,,,109217.06112265587,0.0001
8979007,9708,15550.0,,,,,,,,109236.47759795189,0.0001
8980798,9709,15175.0,,,,,,,,109258.73705983162,0.0001
8982170,9710,14975.0,,,,,,,,109275.85062336922,0.0001
8983955,9711,15200.0,,,,,,,,109298.02814173698,0.0001
8985377,9712,11650.0,,,,,,,,109315.7454199791,0.0001
8987172,9713,15150.0,,,,,,,,109338.00019550323,0.0001
8988322,9714,4450.0,,,,,,,,109352.36705422401,0.0001
8990002,9715,15150.0,,,,,,,,109373.12793946266,0.0001
8991040,9716,4275.0,,,,,,,,109386.01195931435,0.0001
8991542,9717,700.0,,,,,,,,109392.327054739,0.0001
8993107,9718,12100.0,,,,,,,,109411.67345428467,0.0001
8995475,9719,16200.0,,,,,,,,109441.07275247574,0.0001
8997116,9720,14900.0,,,,,,,,109461.45032072067,0.0001
8997804,9721,4375.0,,,,,,,,109469.99040293694,0.0001
8999549,9722,15300.0,,,,,,,,109491.70402669907,0.0001
9001031,9723,15025.0,,,,,,,,109510.08879566193,0.0001
9003131,9724,15675.0,,,,,,,,109536.19805407524,0.0001
9004269,9725,4950.0,,,,,,,,109550.53476762772,0.0001
9005393,9726,11400.0,,,,,,,,109564.54081439972,0.0001
9006499,9727,11625.0,,,,,,,,109578.25463080406,0.0001
9008198,9728,15100.0,,,,,,,,109599.36744832993,0.0001
9008832,9729,100.0,,,,,,,,109607.2546107769,0.0001
9010296,9730,15025.0,,,,,,,,109625.50158214569,0.0001
9011854,9731,14925.0,,,,,,,,109644.82525753975,0.0001
9013013,9732,11625.0,,,,,,,,109659.18824100494,0.0001
9013859,9733,4400.0,,,,,,,,109669.67825198174,0.0001
9015349,9734,8575.0,,,,,,,,109688.25857782364,0.0001
9016556,9735,8000.0,,,,,,,,109703.23542928696,0.0001
9017049,9736,250.0,,,,,,,,109709.46712827682,0.0001
9017532,9737,200.0,,,,,,,,109715.44414401054,0.0001
9018044,9738,225.0,,,,,,,,109721.82655000687,0.0001
9019702,9739,12100.0,,,,,,,,109742.45054531097,0.0001
9020982,9740,11450.0,,,,,,,,109758.47986841202,0.0001
9022702,9741,14925.0,,,,,,,,109779.75459194183,0.0001
9024154,9742,15475.0,,,,,,,,109797.91647481918,0.0001
9025784,9743,15475.0,,,,,,,,109818.26194286346,0.0001
9026331,9744,3675.0,,,,,,,,109825.08092713356,0.0001
9027137,9745,7575.0,,,,,,,,109835.17029309273,0.0001
9028313,9746,12100.0,,,,,,,,109849.67965126038,0.0001
9029499,9747,8150.0,,,,,,,,109864.20975542068,0.0001
9031445,9748,15100.0,,,,,,,,109887.9932115078,0.0001
9033275,9749,15625.0,,,,,,,,109910.61910057068,0.0001
9035735,9750,15825.0,,,,,,,,109941.11363720894,0.0001
9037194,9751,12500.0,,,,,,,,109959.21721935272,0.0001
9038750,9752,7950.0,,,,,,,,109978.57090473175,0.0001
9039722,9753,7825.0,,,,,,,,109990.70450115204,0.0001
9041478,9754,12300.0,,,,,,,,110012.45104694366,0.0001
9042948,9755,14875.0,,,,,,,,110030.73894000053,0.0001
9044031,9756,7750.0,,,,,,,,110044.2168598175,0.0001
9046069,9757,15250.0,,,,,,,,110069.59488081932,0.0001
9047479,9758,8075.0,,,,,,,,110087.0367026329,0.0001
9048854,9759,11675.0,,,,,,,,110103.98627519608,0.0001
9049972,9760,8000.0,,,,,,,,110117.86379122734,0.0001
9051834,9761,15700.0,,,,,,,,110140.83908486366,0.0001
9053343,9762,14950.0,,,,,,,,110159.56766629219,0.0001
9054417,9763,11600.0,,,,,,,,110172.95004248619,0.0001
9056085,9764,15000.0,,,,,,,,110193.53333258629,0.0001
9056548,9765,225.0,,,,,,,,110199.28910541534,0.0001
9057884,9766,14875.0,,,,,,,,110215.77239489555,0.0001
9059495,9767,15425.0,,,,,,,,110235.79325246811,0.0001
9061161,9768,15425.0,,,,,,,,110256.43381237984,0.0001
9062382,9769,11525.0,,,,,,,,110271.50528526306,0.0001
9063868,9770,14875.0,,,,,,,,110290.01316833496,0.0001
9064367,9771,725.0,,,,,,,,110296.23135447502,0.0001
9066100,9772,15075.0,,,,,,,,110317.74460244179,0.0001
9067583,9773,11725.0,,,,,,,,110336.23390674591,0.0001
9068306,9774,4400.0,,,,,,,,110345.30619835854,0.0001
9069772,9775,14925.0,,,,,,,,110363.44953584671,0.0001
9070948,9776,8050.0,,,,,,,,110378.13595247269,0.0001
9072103,9777,7775.0,,,,,,,,110392.45560908318,0.0001
9073769,9778,15175.0,,,,,,,,110413.10150551796,0.0001
9075587,9779,15500.0,,,,,,,,110435.60123968124,0.0001
9077072,9780,14950.0,,,,,,,,110454.10719156265,0.0001
9078334,9781,4475.0,,,,,,,,110469.87637758255,0.0001
9079945,9782,8475.0,,,,,,,,110489.92277693748,0.0001
9081285,9783,14900.0,,,,,,,,110506.50137996674,0.0001
9083096,9784,15625.0,,,,,,,,110528.95056247711,0.0001
9084386,9785,8175.0,,,,,,,,110544.96354961395,0.0001
9085730,9786,12200.0,,,,,,,,110561.64752697945,0.0001
9086810,9787,7900.0,,,,,,,,110575.05086159706,0.0001
9087400,9788,450.0,,,,,,,,110582.40701818466,0.0001
9087944,9789,800.0,,,,,,,,110589.33814096451,0.0001
9089995,9790,15575.0,,,,,,,,110614.8652074337,0.0001
9091616,9791,15425.0,,,,,,,,110634.82067203522,0.0001
9093159,9792,14975.0,,,,,,,,110654.02556443214,0.0001
9094008,9793,3900.0,,,,,,,,110664.63631391525,0.0001
9095761,9794,15600.0,,,,,,,,110686.3840379715,0.0001
9097573,9795,15000.0,,,,,,,,110708.79084658623,0.0001
9099305,9796,15250.0,,,,,,,,110730.28328466415,0.0001
9100328,9797,7300.0,,,,,,,,110742.98960065842,0.0001
9102133,9798,15600.0,,,,,,,,110765.39450764656,0.0001
9103647,9799,11925.0,,,,,,,,110784.17648100853,0.0001
9105225,9800,15050.0,,,,,,,,110803.75790309906,0.0001
9106440,9801,7650.0,,,,,,,,110818.87264037132,0.0001
9107744,9802,14900.0,,,,,,,,110835.12197780609,0.0001
9109219,9803,14925.0,,,,,,,,110853.39611029625,0.0001
9110918,9804,15350.0,,,,,,,,110874.42430925369,0.0001
9112822,9805,15825.0,,,,,,,,110897.98819065094,0.0001
9114079,9806,11650.0,,,,,,,,110913.63418292999,0.0001
9115720,9807,15100.0,,,,,,,,110933.95363235474,0.0001
9117401,9808,15000.0,,,,,,,,110954.8386619091,0.0001
9118743,9809,8475.0,,,,,,,,110971.47142505646,0.0001
9120329,9810,15475.0,,,,,,,,110991.17735505104,0.0001
9121526,9811,7950.0,,,,,,,,111005.95967555046,0.0001
9122487,9812,8450.0,,,,,,,,111017.86553239822,0.0001
9123364,9813,7800.0,,,,,,,,111028.87790584564,0.0001
9124613,9814,11825.0,,,,,,,,111044.33165931702,0.0001
9126754,9815,15600.0,,,,,,,,111070.26824474335,0.0001
9128738,9816,15925.0,,,,,,,,111094.61550092697,0.0001
9129613,9817,7950.0,,,,,,,,111105.55248785019,0.0001
9130795,9818,8400.0,,,,,,,,111120.20430970192,0.0001
9133037,9819,16925.0,,,,,,,,111148.04993629456,0.0001
9134607,9820,14925.0,,,,,,,,111167.54698705673,0.0001
9136484,9821,12175.0,,,,,,,,111190.86561703682,0.0001
9138046,9822,15900.0,,,,,,,,111210.25891566277,0.0001
9139773,9823,12100.0,,,,,,,,111231.52933073044,0.0001
9141373,9824,16075.0,,,,,,,,111251.4950299263,0.0001
9143060,9825,15600.0,,,,,,,,111272.30541920662,0.0001
9144758,9826,15700.0,,,,,,,,111293.36896681786,0.0001
9146185,9827,12050.0,,,,,,,,111311.0934677124,0.0001
9147313,9828,7925.0,,,,,,,,111325.14597892761,0.0001
9147845,9829,725.0,,,,,,,,111331.79782915115,0.0001
9149600,9830,15125.0,,,,,,,,111353.46096348763,0.0001
9150887,9831,11650.0,,,,,,,,111369.42538356781,0.0001
9151939,9832,7775.0,,,,,,,,111382.50381231308,0.0001
9153892,9833,15550.0,,,,,,,,111406.73004627228,0.0001
9155524,9834,12325.0,,,,,,,,111427.00485920906,0.0001
9157260,9835,14925.0,,,,,,,,111448.53246283531,0.0001
9158896,9836,15625.0,,,,,,,,111468.89403605461,0.0001
9160535,9837,12125.0,,,,,,,,111489.18936920166,0.0001
9162532,9838,15600.0,,,,,,,,111513.96733260155,0.0001
9163696,9839,14850.0,,,,,,,,111528.35331988335,0.0001
9165343,9840,15400.0,,,,,,,,111548.73600721359,0.0001
9166030,9841,725.0,,,,,,,,111557.28953552246,0.0001
9167695,9842,8050.0,,,,,,,,111577.84867477417,0.0001
9169458,9843,15000.0,,,,,,,,111599.8003821373,0.0001
9170750,9844,8450.0,,,,,,,,111615.87111854553,0.0001
9171950,9845,8175.0,,,,,,,,111630.75419259071,0.0001
9172449,9846,3650.0,,,,,,,,111636.96485495567,0.0001
9174236,9847,15600.0,,,,,,,,111659.12998723984,0.0001
9175563,9848,11675.0,,,,,,,,111675.60016703606,0.0001
9177337,9849,15725.0,,,,,,,,111697.63732242584,0.0001
9179025,9850,15325.0,,,,,,,,111718.60259771347,0.0001
9180088,9851,11200.0,,,,,,,,111731.77566623688,0.0001
9181943,9852,15550.0,,,,,,,,111754.82340216637,0.0001
9182904,9853,350.0,,,,,,,,111766.71232676506,0.0001
9184577,9854,15975.0,,,,,,,,111787.36655259132,0.0001
9186216,9855,16025.0,,,,,,,,111807.48536396027,0.0001
9188000,9856,15600.0,,,,,,,,111829.37073230743,0.0001
9189212,9857,12075.0,,,,,,,,111844.4601802826,0.0001
9191324,9858,16000.0,,,,,,,,111870.78656983376,0.0001
9193235,9859,16100.0,,,,,,,,111894.54138708115,0.0001
9194730,9860,11700.0,,,,,,,,111913.14247202873,0.0001
9195961,9861,11575.0,,,,,,,,111928.588296175,0.0001
9198000,9862,15800.0,,,,,,,,111953.7839949131,0.0001
9199828,9863,15625.0,,,,,,,,111976.36161136627,0.0001
9201781,9864,16225.0,,,,,,,,112000.5274298191,0.0001
9203473,9865,15050.0,,,,,,,,112021.47492790222,0.0001
9205049,9866,14950.0,,,,,,,,112041.03232645988,0.0001
9206763,9867,15725.0,,,,,,,,112062.34435915947,0.0001
9208324,9868,15500.0,,,,,,,,112081.79662847519,0.0001
9208844,9869,650.0,,,,,,,,112088.30904436111,0.0001
9210196,9870,11425.0,,,,,,,,112105.12349581718,0.0001
9212362,9871,15725.0,,,,,,,,112132.0138323307,0.0001
9213697,9872,15375.0,,,,,,,,112148.58783268929,0.0001
9215147,9873,15750.0,,,,,,,,112166.60688734055,0.0001
9217144,9874,15275.0,,,,,,,,112191.40695595741,0.0001
9218071,9875,4375.0,,,,,,,,112202.97871637344,0.0001
9220250,9876,16425.0,,,,,,,,112229.93903636932,0.0001
9221563,9877,11275.0,,,,,,,,112246.13348722458,0.0001
9223299,9878,15500.0,,,,,,,,112267.67393445969,0.0001
9224898,9879,14975.0,,,,,,,,112287.5485701561,0.0001
9226657,9880,15475.0,,,,,,,,112309.23573875427,0.0001
9228194,9881,15550.0,,,,,,,,112328.22953605652,0.0001
9229072,9882,8200.0,,,,,,,,112339.12789130211,0.0001
9230488,9883,14875.0,,,,,,,,112356.61040091515,0.0001
9232034,9884,14925.0,,,,,,,,112375.8709321022,0.0001
9233664,9885,15675.0,,,,,,,,112395.84187316895,0.0001
9234840,9886,8100.0,,,,,,,,112410.40098595619,0.0001
9236160,9887,15325.0,,,,,,,,112426.81623315811,0.0001
9237736,9888,14950.0,,,,,,,,112446.40566897392,0.0001
9239252,9889,14950.0,,,,,,,,112465.27384567261,0.0001
9240635,9890,14950.0,,,,,,,,112482.46847558022,0.0001
9241845,9891,11725.0,,,,,,,,112497.49213337898,0.0001
9242879,9892,10900.0,,,,,,,,112510.27988433838,0.0001
9244750,9893,15225.0,,,,,,,,112533.48024606705,0.0001
9246032,9894,7875.0,,,,,,,,112549.39177894592,0.0001
9247896,9895,15600.0,,,,,,,,112572.57558369637,0.0001
9249453,9896,8150.0,,,,,,,,112591.87674951553,0.0001
9251192,9897,15400.0,,,,,,,,112613.44922828674,0.0001
9252726,9898,14900.0,,,,,,,,112632.42351484299,0.0001
9254447,9899,15100.0,,,,,,,,112653.77476096153,0.0001
9254814,9900,425.0,,,,,,,,112658.40306091309,0.0001
9256531,9901,15050.0,,,,,,,,112679.59783911705,0.0001
9257858,9902,11650.0,,,,,,,,112696.08670949936,0.0001
9259321,9903,14800.0,,,,,,,,112714.18537068367,0.0001
9260723,9904,15075.0,,,,,,,,112731.73231172562,0.0001
9262542,9905,15100.0,,,,,,,,112754.4613995552,0.0001
9263922,9906,12050.0,,,,,,,,112771.49887037277,0.0001
9265854,9907,15400.0,,,,,,,,112795.39505720139,0.0001
9267516,9908,15500.0,,,,,,,,112816.00799179077,0.0001
9269124,9909,15050.0,,,,,,,,112835.87872719765,0.0001
9270847,9910,15200.0,,,,,,,,112857.20839381218,0.0001
9271916,9911,11800.0,,,,,,,,112870.50602769852,0.0001
9273339,9912,14950.0,,,,,,,,112888.26540493965,0.0001
9275370,9913,15225.0,,,,,,,,112913.44285726547,0.0001
9276941,9914,15500.0,,,,,,,,112933.01241874695,0.0001
9278759,9915,15625.0,,,,,,,,112955.52118754387,0.0001
9280417,9916,15000.0,,,,,,,,112976.21713089943,0.0001
9281756,9917,12075.0,,,,,,,,112992.84701991081,0.0001
9283575,9918,15625.0,,,,,,,,113015.43725132942,0.0001
9284217,9919,4200.0,,,,,,,,113023.53929567337,0.0001
9285271,9920,7900.0,,,,,,,,113036.64273643494,0.0001
9286999,9921,15625.0,,,,,,,,113058.01958918571,0.0001
9288666,9922,14975.0,,,,,,,,113078.75617980957,0.0001
9290110,9923,15500.0,,,,,,,,113096.7547082901,0.0001
9291842,9924,15025.0,,,,,,,,113118.22559762001,0.0001
9293536,9925,15575.0,,,,,,,,113139.13493847847,0.0001
9294177,9926,4025.0,,,,,,,,113147.16061997414,0.0001
9295364,9927,11675.0,,,,,,,,113161.89121842384,0.0001
9297110,9928,15525.0,,,,,,,,113183.57736754417,0.0001
9299051,9929,15700.0,,,,,,,,113207.56203246117,0.0001
9300097,9930,7950.0,,,,,,,,113220.57412409782,0.0001
9301258,9931,8075.0,,,,,,,,113235.02479362488,0.0001
9301736,9932,825.0,,,,,,,,113240.96145367622,0.0001
9303369,9933,15525.0,,,,,,,,113261.22178053856,0.0001
9304770,9934,11775.0,,,,,,,,113278.5151193142,0.0001
9305996,9935,11525.0,,,,,,,,113293.71543264389,0.0001
9306776,9936,4500.0,,,,,,,,113303.40203404427,0.0001
9307423,9937,4300.0,,,,,,,,113311.4770591259,0.0001
9309401,9938,15425.0,,,,,,,,113336.08913826942,0.0001
9311004,9939,15075.0,,,,,,,,113355.98854732513,0.0001
9312433,9940,8550.0,,,,,,,,113373.73911952972,0.0001
9312951,9941,350.0,,,,,,,,113380.14673471451,0.0001
9314422,9942,14925.0,,,,,,,,113398.43070530891,0.0001
9315980,9943,11650.0,,,,,,,,113417.6459043026,0.0001
9317511,9944,15450.0,,,,,,,,113436.61847352982,0.0001
9319163,9945,16225.0,,,,,,,,113456.99954867363,0.0001
9320360,9946,11575.0,,,,,,,,113471.86960434914,0.0001
9321396,9947,11575.0,,,,,,,,113484.71436905861,0.0001
9323010,9948,14925.0,,,,,,,,113504.8394317627,0.0001
9324169,9949,11550.0,,,,,,,,113519.32018733025,0.0001
9325944,9950,15450.0,,,,,,,,113541.26882719994,0.0001
9327732,9951,15950.0,,,,,,,,113563.50410604477,0.0001
9329483,9952,15125.0,,,,,,,,113585.08327269554,0.0001
9330874,9953,15400.0,,,,,,,,113602.37476110458,0.0001
9332400,9954,14900.0,,,,,,,,113621.3454155922,0.0001
9333734,9955,15350.0,,,,,,,,113637.92309617996,0.0001
9335470,9956,15125.0,,,,,,,,113659.48673629761,0.0001
9336485,9957,7975.0,,,,,,,,113672.23460268974,0.0001
9337483,9958,7975.0,,,,,,,,113684.63823962212,0.0001
9339390,9959,15650.0,,,,,,,,113708.25804686546,0.0001
9340329,9960,7925.0,,,,,,,,113720.02524638176,0.0001
9342838,9961,17150.0,,,,,,,,113751.2218182087,0.0001
9343772,9962,8100.0,,,,,,,,113762.8486135006,0.0001
9345281,9963,12200.0,,,,,,,,113781.61144351959,0.0001
9346895,9964,15475.0,,,,,,,,113801.59891319275,0.0001
9348469,9965,12125.0,,,,,,,,113821.29693603516,0.0001
9350093,9966,15000.0,,,,,,,,113841.69352245331,0.0001
9352012,9967,15775.0,,,,,,,,113865.5662574768,0.0001
9353532,9968,14900.0,,,,,,,,113884.38532495499,0.0001
9355059,9969,15400.0,,,,,,,,113903.33514714241,0.0001
9356346,9970,11975.0,,,,,,,,113919.30548429489,0.0001
9358020,9971,15100.0,,,,,,,,113940.32239556313,0.0001
9359872,9972,14975.0,,,,,,,,113963.28974056244,0.0001
9361674,9973,15900.0,,,,,,,,113985.70016622543,0.0001
9363372,9974,15100.0,,,,,,,,114006.72713947296,0.0001
9364445,9975,11700.0,,,,,,,,114020.03714752197,0.0001
9365278,9976,7825.0,,,,,,,,114030.44968414307,0.0001
9367231,9977,15250.0,,,,,,,,114054.65204381943,0.0001
9368941,9978,15150.0,,,,,,,,114075.85731363297,0.0001
9370292,9979,8700.0,,,,,,,,114092.6282441616,0.0001
9372062,9980,15225.0,,,,,,,,114114.6409099102,0.0001
9373388,9981,14900.0,,,,,,,,114131.10321569443,0.0001
9375551,9982,12400.0,,,,,,,,114157.95010852814,0.0001
9377160,9983,14925.0,,,,,,,,114177.87324380875,0.0001
9378855,9984,15075.0,,,,,,,,114198.89030957222,0.0001
9380575,9985,15875.0,,,,,,,,114220.30759692192,0.0001
9382099,9986,15000.0,,,,,,,,114239.1852247715,0.0001
9383918,9987,16025.0,,,,,,,,114261.7887494564,0.0001
9385486,9988,15425.0,,,,,,,,114281.32057070732,0.0001
9386988,9989,11700.0,,,,,,,,114300.01997470856,0.0001
9387826,9990,4300.0,,,,,,,,114310.48000383377,0.0001
9389675,9991,15150.0,,,,,,,,114333.39871692657,0.0001
9390480,9992,4525.0,,,,,,,,114343.41738057137,0.0001
9392736,9993,15875.0,,,,,,,,114371.2808868885,0.0001
9394424,9994,15675.0,,,,,,,,114392.31095194817,0.0001
9395816,9995,14875.0,,,,,,,,114409.61839032173,0.0001
9396714,9996,7850.0,,,,,,,,114420.82088565826,0.0001
9398714,9997,15450.0,,,,,,,,114445.50595355034,0.0001
9399724,9998,4550.0,,,,,,,,114458.06521582603,0.0001
9400895,9999,11550.0,,,,,,,,114472.62103486061,0.0001
9402813,10000,16200.0,,,,,,,,114496.4276061058,0.0001
9403536,10001,400.0,,,,,,,,114505.40175652504,0.0001
9405545,10002,15225.0,,,,,,,,114530.42305517197,0.0001
9406832,10003,8975.0,,,,,,,,114546.32115149498,0.0001
9408830,10004,11825.0,,,,,,,,114571.11852264404,0.0001
9410671,10005,15700.0,,,,,,,,114593.97290301323,0.0001
9412641,10006,15700.0,,,,,,,,114618.49301290512,0.0001
9414047,10007,14825.0,,,,,,,,114635.91960072517,0.0001
9415817,10008,16450.0,,,,,,,,114657.79392623901,0.0001
9417767,10009,15700.0,,,,,,,,114681.52887535095,0.0001
9419838,10010,15500.0,,,,,,,,114706.7267100811,0.0001
9421715,10011,15700.0,,,,,,,,114729.48040175438,0.0001
9423550,10012,16275.0,,,,,,,,114751.82955265045,0.0001
9424844,10013,11450.0,,,,,,,,114767.57329511642,0.0001
9426213,10014,14950.0,,,,,,,,114784.26149344444,0.0001
9427959,10015,15075.0,,,,,,,,114805.48989391327,0.0001
9429560,10016,14975.0,,,,,,,,114824.9948515892,0.0001
9431247,10017,15725.0,,,,,,,,114845.523250103,0.0001
9432727,10018,15475.0,,,,,,,,114863.56574225426,0.0001
9434065,10019,11650.0,,,,,,,,114880.0884013176,0.0001
9436016,10020,16175.0,,,,,,,,114904.16871476173,0.0001
9437867,10021,16025.0,,,,,,,,114927.13833427429,0.0001
9440209,10022,16325.0,,,,,,,,114956.12961745262,0.0001
9441577,10023,12200.0,,,,,,,,114973.02410435677,0.0001
9443239,10024,15300.0,,,,,,,,114993.63808369637,0.0001
9445269,10025,15750.0,,,,,,,,115018.87011623383,0.0001
9447469,10026,15175.0,,,,,,,,115046.18571162224,0.0001
9448936,10027,11450.0,,,,,,,,115064.42465829849,0.0001
9450604,10028,8100.0,,,,,,,,115085.23841691017,0.0001
9451659,10029,950.0,,,,,,,,115098.35190010071,0.0001
9453594,10030,16250.0,,,,,,,,115122.3937151432,0.0001
9454574,10031,825.0,,,,,,,,115134.65415477753,0.0001
9454932,10032,700.0,,,,,,,,115139.14842271805,0.0001
9455665,10033,550.0,,,,,,,,115148.25208735466,0.0001
9457342,10034,12275.0,,,,,,,,115169.0590698719,0.0001
9459455,10035,15575.0,,,,,,,,115195.21121358871,0.0001
9460803,10036,11700.0,,,,,,,,115211.9686615467,0.0001
9462919,10037,15500.0,,,,,,,,115238.12906193733,0.0001
9464689,10038,14975.0,,,,,,,,115260.08547067642,0.0001
9466594,10039,15125.0,,,,,,,,115283.78029537201,0.0001
9467813,10040,8075.0,,,,,,,,115298.97190332413,0.0001
9469392,10041,14950.0,,,,,,,,115318.49746990204,0.0001
9471415,10042,15475.0,,,,,,,,115341.12616109848,0.0001
9473500,10043,15750.0,,,,,,,,115364.20328640938,0.0001
9475056,10044,15300.0,,,,,,,,115381.61843919754,0.0001
9476874,10045,15275.0,,,,,,,,115401.84885382652,0.0001
9478580,10046,15200.0,,,,,,,,115420.66472792625,0.0001
9479330,10047,4350.0,,,,,,,,115429.16667580605,0.0001
9480687,10048,15450.0,,,,,,,,115444.26513171196,0.0001
9482167,10049,14925.0,,,,,,,,115460.7678964138,0.0001
9483977,10050,15050.0,,,,,,,,115481.00337672234,0.0001
9485233,10051,11750.0,,,,,,,,115494.96884155273,0.0001
9486861,10052,15500.0,,,,,,,,115513.13270330429,0.0001
9489465,10053,16175.0,,,,,,,,115541.97454833984,0.0001
9491302,10054,15425.0,,,,,,,,115562.19556236267,0.0001
9492828,10055,14825.0,,,,,,,,115579.05630707741,0.0001
9493970,10056,11725.0,,,,,,,,115591.84948778152,0.0001
9494784,10057,4450.0,,,,,,,,115600.8500225544,0.0001
9496361,10058,11725.0,,,,,,,,115616.66416668892,0.0001
9497646,10059,7925.0,,,,,,,,115629.43994450569,0.0001
9499283,10060,15050.0,,,,,,,,115645.63836979866,0.0001
9501152,10061,15575.0,,,,,,,,115664.46388411522,0.0001
9502890,10062,15500.0,,,,,,,,115681.84675049782,0.0001
9504227,10063,12700.0,,,,,,,,115695.28498220444,0.0001
9506127,10064,15050.0,,,,,,,,115714.41497564316,0.0001
9506942,10065,1225.0,,,,,,,,115722.58256793022,0.0001
9508626,10066,15000.0,,,,,,,,115739.75264883041,0.0001
9510588,10067,16575.0,,,,,,,,115759.71068286896,0.0001
9511984,10068,14950.0,,,,,,,,115773.74482107162,0.0001
9512724,10069,1050.0,,,,,,,,115781.28671836853,0.0001
9514509,10070,15900.0,,,,,,,,115799.12156510353,0.0001
9515747,10071,12200.0,,,,,,,,115811.39150953293,0.0001
9517395,10072,15475.0,,,,,,,,115827.72211313248,0.0001
9519069,10073,15000.0,,,,,,,,115844.30406689644,0.0001
9520811,10074,15550.0,,,,,,,,115861.58217167854,0.0001
9522124,10075,8525.0,,,,,,,,115874.68707919121,0.0001
9523797,10076,15975.0,,,,,,,,115891.27370429039,0.0001
9525119,10077,11750.0,,,,,,,,115904.42498159409,0.0001
9526486,10078,8100.0,,,,,,,,115917.97357606888,0.0001
9527592,10079,11650.0,,,,,,,,115928.96256113052,0.0001
9528676,10080,7975.0,,,,,,,,115939.7559170723,0.0001
9530193,10081,14900.0,,,,,,,,115953.11029314995,0.0001
9531585,10082,11400.0,,,,,,,,115965.19972491264,0.0001
9533381,10083,15000.0,,,,,,,,115980.7724404335,0.0001
9534522,10084,8025.0,,,,,,,,115990.7319073677,0.0001
9536316,10085,15550.0,,,,,,,,116006.44206762314,0.0001
9537922,10086,15575.0,,,,,,,,116020.46884799004,0.0001
9539808,10087,16200.0,,,,,,,,116036.79076600075,0.0001
9541541,10088,15425.0,,,,,,,,116050.04833745956,0.0001
9542513,10089,8150.0,,,,,,,,116057.58031964302,0.0001
9543498,10090,7925.0,,,,,,,,116065.14841389656,0.0001
9544429,10091,4900.0,,,,,,,,116072.38565897942,0.0001
9545999,10092,12100.0,,,,,,,,116084.3731379509,0.0001
9547525,10093,14825.0,,,,,,,,116096.02257418633,0.0001
9549232,10094,15525.0,,,,,,,,116109.04103755951,0.0001
9550530,10095,8050.0,,,,,,,,116119.10988140106,0.0001
9551831,10096,12125.0,,,,,,,,116129.06344723701,0.0001
9553180,10097,14850.0,,,,,,,,116139.31403779984,0.0001
9554343,10098,8625.0,,,,,,,,116148.32840132713,0.0001
9555128,10099,4350.0,,,,,,,,116154.3375749588,0.0001
9555903,10100,4375.0,,,,,,,,116160.27892184258,0.0001
9556925,10101,7875.0,,,,,,,,116168.15085601807,0.0001
9558671,10102,15850.0,,,,,,,,116181.63909602165,0.0001
9560248,10103,15050.0,,,,,,,,116193.61904191971,0.0001
9562186,10104,15650.0,,,,,,,,116206.69627523422,0.0001
9563134,10105,7900.0,,,,,,,,116213.0825150013,0.0001
9565205,10106,16350.0,,,,,,,,116226.83904671669,0.0001
9566072,10107,7625.0,,,,,,,,116232.85158324242,0.0001
9566558,10108,275.0,,,,,,,,116236.21823740005,0.0001
9567265,10109,775.0,,,,,,,,116241.09844732285,0.0001
9568953,10110,14975.0,,,,,,,,116252.41856455803,0.0001
9570223,10111,11750.0,,,,,,,,116260.89435601234,0.0001
9571597,10112,14900.0,,,,,,,,116269.9282450676,0.0001
9573378,10113,15550.0,,,,,,,,116281.68470072746,0.0001
9574969,10114,15150.0,,,,,,,,116292.27943825722,0.0001
9576856,10115,16050.0,,,,,,,,116304.9021859169,0.0001
9578633,10116,14875.0,,,,,,,,116316.74688768387,0.0001
9580333,10117,15100.0,,,,,,,,116328.16130185127,0.0001
9581517,10118,11450.0,,,,,,,,116336.00981020927,0.0001
9583052,10119,15925.0,,,,,,,,116346.38355231285,0.0001
9584673,10120,14925.0,,,,,,,,116357.33583521843,0.0001
9586191,10121,15275.0,,,,,,,,116367.37950968742,0.0001
9587445,10122,11600.0,,,,,,,,116375.73515582085,0.0001
9589649,10123,16200.0,,,,,,,,116390.35945105553,0.0001
9590754,10124,4000.0,,,,,,,,116397.81207346916,0.0001
9592116,10125,12225.0,,,,,,,,116407.02166748047,0.0001
9592640,10126,425.0,,,,,,,,116410.59960842133,0.0001
9594273,10127,14875.0,,,,,,,,116421.59478259087,0.0001
9595896,10128,15625.0,,,,,,,,116432.41534590721,0.0001
9597021,10129,11575.0,,,,,,,,116439.9920027256,0.0001
9599179,10130,15250.0,,,,,,,,116454.4299838543,0.0001
9601641,10131,16550.0,,,,,,,,116470.97106456757,0.0001
9603196,10132,15425.0,,,,,,,,116481.43860578537,0.0001
9604819,10133,15525.0,,,,,,,,116492.3942501545,0.0001
9605973,10134,7975.0,,,,,,,,116500.08145570755,0.0001
9607340,10135,14825.0,,,,,,,,116509.18379306793,0.0001
9609045,10136,15600.0,,,,,,,,116520.62818646431,0.0001
9610555,10137,15450.0,,,,,,,,116530.83471131325,0.0001
9612298,10138,15575.0,,,,,,,,116542.51878118515,0.0001
9613523,10139,12025.0,,,,,,,,116550.68670535088,0.0001
9614701,10140,11725.0,,,,,,,,116558.29613423347,0.0001
9616296,10141,15600.0,,,,,,,,116568.49613499641,0.0001
9617550,10142,11725.0,,,,,,,,116576.64541506767,0.0001
9619168,10143,12050.0,,,,,,,,116587.47068071365,0.0001
9620733,10144,14925.0,,,,,,,,116597.99794769287,0.0001
9622552,10145,15350.0,,,,,,,,116610.26491427422,0.0001
9624324,10146,12250.0,,,,,,,,116622.28234624863,0.0001
9626279,10147,16150.0,,,,,,,,116635.47583842278,0.0001
9628209,10148,15150.0,,,,,,,,116648.44393396378,0.0001
9629536,10149,11625.0,,,,,,,,116657.07327866554,0.0001
9631425,10150,15725.0,,,,,,,,116669.36073875427,0.0001
9633401,10151,15525.0,,,,,,,,116682.34103512764,0.0001
9634681,10152,12125.0,,,,,,,,116690.68620491028,0.0001
9636387,10153,15625.0,,,,,,,,116701.72894048691,0.0001
9636913,10154,350.0,,,,,,,,116705.16030788422,0.0001
9638384,10155,15625.0,,,,,,,,116714.7528014183,0.0001
9639519,10156,4850.0,,,,,,,,116722.39745473862,0.0001
9641076,10157,14975.0,,,,,,,,116732.83804559708,0.0001
9641769,10158,4425.0,,,,,,,,116737.5336868763,0.0001
9643383,10159,15025.0,,,,,,,,116748.4435582161,0.0001
9645116,10160,15375.0,,,,,,,,116760.02750968933,0.0001
9646361,10161,14825.0,,,,,,,,116768.38433480263,0.0001
9648171,10162,16600.0,,,,,,,,116781.17666363716,0.0001
9650268,10163,16025.0,,,,,,,,116799.96195840836,0.0001
9652153,10164,15650.0,,,,,,,,116812.89343047142,0.0001
9653890,10165,9075.0,,,,,,,,116824.75485658646,0.0001
9655713,10166,15550.0,,,,,,,,116837.01098012924,0.0001
9657663,10167,15575.0,,,,,,,,116850.21079325676,0.0001
9660090,10168,17125.0,,,,,,,,116866.86296248436,0.0001
9661769,10169,15550.0,,,,,,,,116878.55257749557,0.0001
9663363,10170,15400.0,,,,,,,,116889.72606682777,0.0001
9664874,10171,11400.0,,,,,,,,116900.21676588058,0.0001
9665799,10172,7875.0,,,,,,,,116906.52459597588,0.0001
9667115,10173,12200.0,,,,,,,,116915.4285132885,0.0001
9668373,10174,11325.0,,,,,,,,116924.09897351265,0.0001
9669653,10175,11725.0,,,,,,,,116932.88170599937,0.0001
9670646,10176,4175.0,,,,,,,,116939.75004839897,0.0001
9672482,10177,15575.0,,,,,,,,116952.35261058807,0.0001
9673240,10178,4100.0,,,,,,,,116957.59456849098,0.0001
9674712,10179,11350.0,,,,,,,,116967.67869353294,0.0001
9676559,10180,15600.0,,,,,,,,116980.14171981812,0.0001
9677210,10181,850.0,,,,,,,,116984.61635279655,0.0001
9678356,10182,11525.0,,,,,,,,116992.43927001953,0.0001
9679919,10183,15450.0,,,,,,,,117003.15269517899,0.0001
9681823,10184,15500.0,,,,,,,,117016.04606580734,0.0001
9683547,10185,12550.0,,,,,,,,117027.84027290344,0.0001
9684892,10186,12600.0,,,,,,,,117036.92456626892,0.0001
9686275,10187,11400.0,,,,,,,,117046.34861803055,0.0001
9688395,10188,15675.0,,,,,,,,117060.49534106255,0.0001
9689803,10189,15350.0,,,,,,,,117070.11960220337,0.0001
9691251,10190,14925.0,,,,,,,,117079.99522900581,0.0001
9692646,10191,15075.0,,,,,,,,117089.68956851959,0.0001
9693798,10192,8075.0,,,,,,,,117097.66438245773,0.0001
9694824,10193,4925.0,,,,,,,,117104.64228224754,0.0001
9697248,10194,16350.0,,,,,,,,117121.29246163368,0.0001
9699074,10195,15575.0,,,,,,,,117133.57195329666,0.0001
9700683,10196,15050.0,,,,,,,,117144.61278629303,0.0001
9701272,10197,750.0,,,,,,,,117148.62046098709,0.0001
9703163,10198,16625.0,,,,,,,,117161.32344985008,0.0001
9704679,10199,15100.0,,,,,,,,117171.69667100906,0.0001
9706355,10200,16175.0,,,,,,,,117183.04498267174,0.0001
9708133,10201,15600.0,,,,,,,,117194.95937657356,0.0001
9709443,10202,11550.0,,,,,,,,117203.96710968018,0.0001
9710807,10203,14825.0,,,,,,,,117213.36573433876,0.0001
9712701,10204,15300.0,,,,,,,,117226.19954299927,0.0001
9714669,10205,16700.0,,,,,,,,117239.56071615219,0.0001
9716123,10206,12400.0,,,,,,,,117249.40300750732,0.0001
9717882,10207,15275.0,,,,,,,,117261.31631016731,0.0001
9719755,10208,16125.0,,,,,,,,117274.11695742607,0.0001
9720817,10209,7975.0,,,,,,,,117281.3324406147,0.0001
9722062,10210,14825.0,,,,,,,,117289.81233263016,0.0001
9723864,10211,16125.0,,,,,,,,117302.16512942314,0.0001
9725263,10212,15350.0,,,,,,,,117311.76195859909,0.0001
9727293,10213,16250.0,,,,,,,,117325.57195281982,0.0001
9728769,10214,15100.0,,,,,,,,117335.73629689217,0.0001
9730637,10215,16175.0,,,,,,,,117348.53288006783,0.0001
9732242,10216,15925.0,,,,,,,,117359.4074409008,0.0001
9733121,10217,7800.0,,,,,,,,117365.4283258915,0.0001
9734288,10218,8075.0,,,,,,,,117373.33947062492,0.0001
9736196,10219,15525.0,,,,,,,,117386.26756596565,0.0001
9737898,10220,16025.0,,,,,,,,117397.89154553413,0.0001
9739430,10221,15425.0,,,,,,,,117408.48836445808,0.0001
9741434,10222,16150.0,,,,,,,,117422.16052770615,0.0001
9743551,10223,16225.0,,,,,,,,117436.40738630295,0.0001
9744677,10224,11650.0,,,,,,,,117444.11863994598,0.0001
9746570,10225,15725.0,,,,,,,,117456.95576071739,0.0001
9748356,10226,16025.0,,,,,,,,117469.002389431,0.0001
9749929,10227,16025.0,,,,,,,,117479.8380959034,0.0001
9752047,10228,15750.0,,,,,,,,117494.14002871513,0.0001
9753847,10229,15150.0,,,,,,,,117506.38342809677,0.0001
9755485,10230,15950.0,,,,,,,,117517.58361053467,0.0001
9757161,10231,16375.0,,,,,,,,117528.92465400696,0.0001
9758932,10232,16200.0,,,,,,,,117540.96806931496,0.0001
9760400,10233,15400.0,,,,,,,,117550.81190180779,0.0001
9762413,10234,16725.0,,,,,,,,117564.2402791977,0.0001
9763855,10235,15825.0,,,,,,,,117574.14000487328,0.0001
9765385,10236,15450.0,,,,,,,,117584.4987924099,0.0001
9766085,10237,4125.0,,,,,,,,117589.29208827019,0.0001
9767595,10238,16000.0,,,,,,,,117599.59887170792,0.0001
9769294,10239,15450.0,,,,,,,,117611.18779110909,0.0001
9770650,10240,15425.0,,,,,,,,117620.43461036682,0.0001
9772414,10241,16425.0,,,,,,,,117632.46954536438,0.0001
9774392,10242,15375.0,,,,,,,,117645.90304088593,0.0001
9775384,10243,4250.0,,,,,,,,117652.70319914818,0.0001
9777496,10244,16125.0,,,,,,,,117666.97680592537,0.0001
9779497,10245,15400.0,,,,,,,,117680.70040822029,0.0001
9779862,10246,150.0,,,,,,,,117683.24614214897,0.0001
9781668,10247,16625.0,,,,,,,,117695.58672976494,0.0001
9783116,10248,15950.0,,,,,,,,117705.40008926392,0.0001
9783460,10249,625.0,,,,,,,,117707.84146022797,0.0001
9784342,10250,4400.0,,,,,,,,117713.8446264267,0.0001
9784852,10251,450.0,,,,,,,,117717.35638260841,0.0001
9786474,10252,13075.0,,,,,,,,117728.58997416496,0.0001
9788370,10253,16175.0,,,,,,,,117741.63880038261,0.0001
9789519,10254,4450.0,,,,,,,,117749.56694030762,0.0001
9790510,10255,4400.0,,,,,,,,117756.37375187874,0.0001
9792431,10256,16125.0,,,,,,,,117769.37187767029,0.0001
9794271,10257,16075.0,,,,,,,,117781.79408097267,0.0001
9795836,10258,15400.0,,,,,,,,117791.15862965584,0.0001
9797833,10259,16625.0,,,,,,,,117803.14033651352,0.0001
9799565,10260,15975.0,,,,,,,,117813.47412419319,0.0001
9800870,10261,14950.0,,,,,,,,117821.23788070679,0.0001
9802925,10262,16575.0,,,,,,,,117833.52820396423,0.0001
9805126,10263,16750.0,,,,,,,,117846.73636007309,0.0001
9806829,10264,15150.0,,,,,,,,117857.06548142433,0.0001
9809007,10265,16775.0,,,,,,,,117870.03589248657,0.0001
9811374,10266,15525.0,,,,,,,,117883.72687244415,0.0001
9812990,10267,15525.0,,,,,,,,117893.20070266724,0.0001
9814798,10268,15575.0,,,,,,,,117903.54855012894,0.0001
9817063,10269,15750.0,,,,,,,,117915.44823861122,0.0001
9818646,10270,15575.0,,,,,,,,117923.48588466644,0.0001
9820118,10271,8550.0,,,,,,,,117930.80560803413,0.0001
9821587,10272,15350.0,,,,,,,,117938.0853369236,0.0001
9823146,10273,15925.0,,,,,,,,117945.79453229904,0.0001
9826116,10274,16625.0,,,,,,,,117960.44011878967,0.0001
9827753,10275,15625.0,,,,,,,,117968.49673986435,0.0001
9829513,10276,16500.0,,,,,,,,117977.13694310188,0.0001
9831603,10277,16125.0,,,,,,,,117987.50787949562,0.0001
9834091,10278,17650.0,,,,,,,,118000.14185738564,0.0001
9835043,10279,4375.0,,,,,,,,118005.00384163857,0.0001
9836321,10280,8400.0,,,,,,,,118011.51361608505,0.0001
9838072,10281,16225.0,,,,,,,,118020.35505104065,0.0001
9839065,10282,4325.0,,,,,,,,118025.375061512,0.0001
9840956,10283,15575.0,,,,,,,,118034.87218236923,0.0001
9841895,10284,7825.0,,,,,,,,118039.61581254005,0.0001
9842659,10285,1325.0,,,,,,,,118043.4949183464,0.0001
9844240,10286,15675.0,,,,,,,,118051.55005645752,0.0001
9845790,10287,15600.0,,,,,,,,118059.4442062378,0.0001
9846900,10288,4950.0,,,,,,,,118065.11516046524,0.0001
9848690,10289,15075.0,,,,,,,,118074.20617032051,0.0001
9849741,10290,11525.0,,,,,,,,118079.55198383331,0.0001
9851208,10291,15875.0,,,,,,,,118086.99134206772,0.0001
9852765,10292,14875.0,,,,,,,,118094.90623855591,0.0001
9854700,10293,16275.0,,,,,,,,118104.66701698303,0.0001
9856084,10294,9025.0,,,,,,,,118111.68027734756,0.0001
9857362,10295,11650.0,,,,,,,,118118.21173286438,0.0001
9859202,10296,11650.0,,,,,,,,118127.43521642685,0.0001
9861095,10297,15750.0,,,,,,,,118137.03339838982,0.0001
9861979,10298,7725.0,,,,,,,,118141.56809043884,0.0001
9863218,10299,11675.0,,,,,,,,118147.92751312256,0.0001
9865437,10300,15575.0,,,,,,,,118159.14832949638,0.0001
9867062,10301,15725.0,,,,,,,,118167.40409374237,0.0001
9869082,10302,16250.0,,,,,,,,118177.68213272095,0.0001
9870210,10303,11400.0,,,,,,,,118183.59826827049,0.0001
9870880,10304,750.0,,,,,,,,118186.91103053093,0.0001
9872505,10305,16025.0,,,,,,,,118195.14812088013,0.0001
9873341,10306,7600.0,,,,,,,,118199.38449931145,0.0001
9875228,10307,16275.0,,,,,,,,118208.98147082329,0.0001
9877117,10308,15475.0,,,,,,,,118218.56111001968,0.0001
9878058,10309,8050.0,,,,,,,,118223.3658630848,0.0001
9879966,10310,15575.0,,,,,,,,118232.88036131859,0.0001
9881444,10311,8500.0,,,,,,,,118240.31676149368,0.0001
9882845,10312,15325.0,,,,,,,,118247.47085022926,0.0001
9883770,10313,4125.0,,,,,,,,118252.20108294487,0.0001
9884897,10314,11575.0,,,,,,,,118257.56386375427,0.0001
9886234,10315,11400.0,,,,,,,,118264.3642501831,0.0001
9887104,10316,4400.0,,,,,,,,118268.87844204903,0.0001
9888104,10317,8500.0,,,,,,,,118273.98889684677,0.0001
9889659,10318,15050.0,,,,,,,,118281.85210061073,0.0001
9891023,10319,11650.0,,,,,,,,118288.83356404305,0.0001
9891918,10320,7950.0,,,,,,,,118293.44241213799,0.0001
9892689,10321,625.0,,,,,,,,118297.3843653202,0.0001
9894719,10322,16000.0,,,,,,,,118307.74355840683,0.0001
9896547,10323,16125.0,,,,,,,,118316.52561426163,0.0001
9897488,10324,7825.0,,,,,,,,118320.8983104229,0.0001
9899348,10325,16650.0,,,,,,,,118329.49336862564,0.0001
9900936,10326,12575.0,,,,,,,,118336.96430659294,0.0001
9902359,10327,12150.0,,,,,,,,118343.41399145126,0.0001
9903814,10328,8125.0,,,,,,,,118349.23949337006,0.0001
9904928,10329,8350.0,,,,,,,,118353.6986694336,0.0001
9905341,10330,175.0,,,,,,,,118355.41139388084,0.0001
9906492,10331,7900.0,,,,,,,,118359.98577976227,0.0001
9907723,10332,8375.0,,,,,,,,118365.004342556,0.0001
9909188,10333,15925.0,,,,,,,,118370.98454427719,0.0001
9910703,10334,11950.0,,,,,,,,118377.00155258179,0.0001
9912281,10335,15550.0,,,,,,,,118383.47522139549,0.0001
9913849,10336,15575.0,,,,,,,,118390.03675079346,0.0001
9915654,10337,15625.0,,,,,,,,118397.53050470352,0.0001
9917433,10338,16075.0,,,,,,,,118404.99299621582,0.0001
9919547,10339,11775.0,,,,,,,,118413.79894351959,0.0001
9921607,10340,15250.0,,,,,,,,118422.10326504707,0.0001
9923036,10341,15100.0,,,,,,,,118428.1087129116,0.0001
9924819,10342,15575.0,,,,,,,,118435.56595754623,0.0001
9927054,10343,16175.0,,,,,,,,118444.89311861992,0.0001
9928468,10344,15425.0,,,,,,,,118450.54347968102,0.0001
9930352,10345,15775.0,,,,,,,,118458.20634412766,0.0001
9932309,10346,15775.0,,,,,,,,118465.97334003448,0.0001
9933548,10347,11500.0,,,,,,,,118470.9184513092,0.0001
9935540,10348,16125.0,,,,,,,,118478.85647583008,0.0001
9936643,10349,11575.0,,,,,,,,118483.271651268,0.0001
9937809,10350,11925.0,,,,,,,,118487.93046665192,0.0001
9938660,10351,4475.0,,,,,,,,118491.34012722969,0.0001
9939559,10352,4300.0,,,,,,,,118494.93074774742,0.0001
9940193,10353,4275.0,,,,,,,,118497.5016219616,0.0001
9941746,10354,15600.0,,,,,,,,118503.66578269005,0.0001
9943521,10355,15075.0,,,,,,,,118510.70767426491,0.0001
9945063,10356,9450.0,,,,,,,,118517.02665424347,0.0001
9947103,10357,16175.0,,,,,,,,118525.20801997185,0.0001
9948148,10358,7975.0,,,,,,,,118529.40974211693,0.0001
9948638,10359,350.0,,,,,,,,118531.43113303185,0.0001
9950496,10360,15250.0,,,,,,,,118539.1215558052,0.0001
9952244,10361,15750.0,,,,,,,,118545.46287870407,0.0001
9953481,10362,11575.0,,,,,,,,118549.9532327652,0.0001
9955657,10363,16075.0,,,,,,,,118558.17222476006,0.0001
9957378,10364,15600.0,,,,,,,,118564.70304727554,0.0001
9958141,10365,425.0,,,,,,,,118567.5584590435,0.0001
9959419,10366,11625.0,,,,,,,,118572.50594735146,0.0001
9961068,10367,15925.0,,,,,,,,118578.64662957191,0.0001
9962493,10368,12200.0,,,,,,,,118584.23972010612,0.0001
9964344,10369,15650.0,,,,,,,,118591.58807563782,0.0001
9965680,10370,11400.0,,,,,,,,118596.93225884438,0.0001
9966927,10371,7875.0,,,,,,,,118601.923027277,0.0001
9968687,10372,15450.0,,,,,,,,118608.90904927254,0.0001
9970041,10373,15350.0,,,,,,,,118614.29612493515,0.0001
9971807,10374,15325.0,,,,,,,,118621.26873254776,0.0001
9972820,10375,3700.0,,,,,,,,118625.31328654289,0.0001
9974702,10376,11175.0,,,,,,,,118632.76083016396,0.0001
9975914,10377,11575.0,,,,,,,,118637.58311080933,0.0001
9977621,10378,16150.0,,,,,,,,118644.36246681213,0.0001
9979173,10379,15650.0,,,,,,,,118650.53861403465,0.0001
9980992,10380,16000.0,,,,,,,,118657.66975712776,0.0001
9982808,10381,15775.0,,,,,,,,118664.28530406952,0.0001
9984577,10382,16050.0,,,,,,,,118670.89049053192,0.0001
9986021,10383,15900.0,,,,,,,,118676.40548062325,0.0001
9987767,10384,16575.0,,,,,,,,118682.89417529106,0.0001
9989395,10385,14725.0,,,,,,,,118689.11892843246,0.0001
9990663,10386,14850.0,,,,,,,,118693.91747999191,0.0001
9992600,10387,15725.0,,,,,,,,118701.23282146454,0.0001
9993450,10388,4175.0,,,,,,,,118704.40185809135,0.0001
9994979,10389,15400.0,,,,,,,,118710.15141916275,0.0001
9996442,10390,15425.0,,,,,,,,118715.5916917324,0.0001
9998126,10391,16200.0,,,,,,,,118722.09929132462,0.0001
9999080,10392,7775.0,,,,,,,,118725.94910264015,0.0001
